 9.26239E+01	 4.82667E+02
 9.31060E+01	 4.82667E+02
 9.35880E+01	 4.83333E+02
 9.40699E+01	 4.82333E+02
 9.45517E+01	 4.85000E+02
 9.50335E+01	 4.83667E+02
 9.55153E+01	 4.85000E+02
 9.59969E+01	 4.83000E+02
 9.64785E+01	 4.81667E+02
 9.69601E+01	 4.84333E+02
 9.74415E+01	 4.82333E+02
 9.79230E+01	 4.83667E+02
 9.84043E+01	 4.82667E+02
 9.88856E+01	 4.81000E+02
 9.93668E+01	 4.83333E+02
 9.98480E+01	 4.83000E+02
 1.00329E+02	 4.82000E+02
 1.00810E+02	 4.83667E+02
 1.01291E+02	 4.83000E+02
 1.01772E+02	 4.85000E+02
 1.02253E+02	 4.84333E+02
 1.02734E+02	 4.82333E+02
 1.03214E+02	 4.84667E+02
 1.03695E+02	 4.83000E+02
 1.04176E+02	 4.84667E+02
 1.04656E+02	 4.84000E+02
 1.05137E+02	 4.84667E+02
 1.05617E+02	 4.85333E+02
 1.06097E+02	 4.85667E+02
 1.06578E+02	 4.85667E+02
 1.07058E+02	 4.82667E+02
 1.07538E+02	 4.85667E+02
 1.08018E+02	 4.83333E+02
 1.08498E+02	 4.84000E+02
 1.08978E+02	 4.84000E+02
 1.09458E+02	 4.82667E+02
 1.09938E+02	 4.83000E+02
 1.10418E+02	 4.85333E+02
 1.10897E+02	 4.83333E+02
 1.11377E+02	 4.84333E+02
 1.11857E+02	 4.85333E+02
 1.12336E+02	 4.86333E+02
 1.12816E+02	 4.84667E+02
 1.13295E+02	 4.83667E+02
 1.13774E+02	 4.86667E+02
 1.14254E+02	 4.86000E+02
 1.14733E+02	 4.84000E+02
 1.15212E+02	 4.87333E+02
 1.15691E+02	 4.84667E+02
 1.16170E+02	 4.83667E+02
 1.16649E+02	 4.86000E+02
 1.17128E+02	 4.84333E+02
 1.17607E+02	 4.83000E+02
 1.18085E+02	 4.90667E+02
 1.18564E+02	 4.86667E+02
 1.19043E+02	 4.84667E+02
 1.19521E+02	 4.89667E+02
 1.20000E+02	 4.88333E+02
 1.20478E+02	 4.83667E+02
 1.20957E+02	 4.88333E+02
 1.21435E+02	 4.88667E+02
 1.21913E+02	 4.89000E+02
 1.22392E+02	 4.89333E+02
 1.22870E+02	 4.90000E+02
 1.23348E+02	 4.93000E+02
 1.23826E+02	 4.94000E+02
 1.24304E+02	 4.91333E+02
 1.24782E+02	 4.95000E+02
 1.25260E+02	 4.99333E+02
 1.25737E+02	 5.02667E+02
 1.26215E+02	 5.05000E+02
 1.26693E+02	 5.10667E+02
 1.27170E+02	 5.09667E+02
 1.27648E+02	 5.20000E+02
 1.28125E+02	 5.27000E+02
 1.28603E+02	 5.41000E+02
 1.29080E+02	 5.64000E+02
 1.29557E+02	 5.89000E+02
 1.30035E+02	 6.08000E+02
 1.30512E+02	 6.35333E+02
 1.30989E+02	 6.52000E+02
 1.31466E+02	 6.41000E+02
 1.31943E+02	 6.23333E+02
 1.32420E+02	 5.98000E+02
 1.32897E+02	 5.80000E+02
 1.33373E+02	 5.52333E+02
 1.33850E+02	 5.36667E+02
 1.34327E+02	 5.26667E+02
 1.34803E+02	 5.21000E+02
 1.35280E+02	 5.12000E+02
 1.35756E+02	 5.05333E+02
 1.36233E+02	 5.04333E+02
 1.36709E+02	 5.00667E+02
 1.37185E+02	 4.98333E+02
 1.37662E+02	 5.00000E+02
 1.38138E+02	 4.95667E+02
 1.38614E+02	 4.98333E+02
 1.39090E+02	 4.95667E+02
 1.39566E+02	 4.93333E+02
 1.40042E+02	 5.00000E+02
 1.40518E+02	 4.89000E+02
 1.40993E+02	 4.94333E+02
 1.41469E+02	 4.92333E+02
 1.41945E+02	 4.95333E+02
 1.42420E+02	 4.97000E+02
 1.42896E+02	 4.90667E+02
 1.43371E+02	 4.93333E+02
 1.43847E+02	 4.92000E+02
 1.44322E+02	 4.89667E+02
 1.44798E+02	 4.93000E+02
 1.45273E+02	 4.91333E+02
 1.45748E+02	 4.91333E+02
 1.46223E+02	 4.91667E+02
 1.46698E+02	 4.90667E+02
 1.47173E+02	 4.87333E+02
 1.47648E+02	 4.91667E+02
 1.48123E+02	 4.92667E+02
 1.48598E+02	 4.90000E+02
 1.49072E+02	 4.93000E+02
 1.49547E+02	 4.90667E+02
 1.50022E+02	 4.90667E+02
 1.50496E+02	 4.93333E+02
 1.50971E+02	 4.91000E+02
 1.51445E+02	 4.93667E+02
 1.51920E+02	 4.93333E+02
 1.52394E+02	 4.87000E+02
 1.52868E+02	 4.89333E+02
 1.53342E+02	 4.94667E+02
 1.53816E+02	 4.88333E+02
 1.54290E+02	 4.90000E+02
 1.54764E+02	 4.90667E+02
 1.55238E+02	 4.89000E+02
 1.55712E+02	 4.88333E+02
 1.56186E+02	 4.90333E+02
 1.56660E+02	 4.88667E+02
 1.57134E+02	 4.87667E+02
 1.57607E+02	 4.91333E+02
 1.58081E+02	 4.90000E+02
 1.58554E+02	 4.89333E+02
 1.59028E+02	 4.89667E+02
 1.59501E+02	 4.88333E+02
 1.59974E+02	 4.89000E+02
 1.60448E+02	 4.88667E+02
 1.60921E+02	 4.88667E+02
 1.61394E+02	 4.87333E+02
 1.61867E+02	 4.91667E+02
 1.62340E+02	 4.88333E+02
 1.62813E+02	 4.86667E+02
 1.63286E+02	 4.89000E+02
 1.63759E+02	 4.90000E+02
 1.64232E+02	 4.87000E+02
 1.64704E+02	 4.89667E+02
 1.65177E+02	 4.88333E+02
 1.65650E+02	 4.91333E+02
 1.66122E+02	 4.91667E+02
 1.66595E+02	 4.88667E+02
 1.67067E+02	 4.92667E+02
 1.67539E+02	 4.96333E+02
 1.68012E+02	 4.93333E+02
 1.68484E+02	 4.92000E+02
 1.68956E+02	 4.94667E+02
 1.69428E+02	 4.94667E+02
 1.69900E+02	 4.90000E+02
 1.70372E+02	 4.91000E+02
 1.70844E+02	 4.88667E+02
 1.71316E+02	 4.89000E+02
 1.71788E+02	 4.90333E+02
 1.72260E+02	 4.89333E+02
 1.72731E+02	 4.85667E+02
 1.73203E+02	 4.87667E+02
 1.73674E+02	 4.87000E+02
 1.74146E+02	 4.90333E+02
 1.74617E+02	 4.86667E+02
 1.75089E+02	 4.91000E+02
 1.75560E+02	 4.89000E+02
 1.76031E+02	 4.91333E+02
 1.76502E+02	 4.90000E+02
 1.76974E+02	 4.91667E+02
 1.77445E+02	 4.92333E+02
 1.77916E+02	 4.86000E+02
 1.78387E+02	 4.90000E+02
 1.78857E+02	 4.89000E+02
 1.79328E+02	 4.89000E+02
 1.79799E+02	 4.85667E+02
 1.80270E+02	 4.90000E+02
 1.80740E+02	 4.89667E+02
 1.81211E+02	 4.89000E+02
 1.81682E+02	 4.95000E+02
 1.82152E+02	 4.89333E+02
 1.82622E+02	 4.88667E+02
 1.83093E+02	 4.91000E+02
 1.83563E+02	 4.94000E+02
 1.84033E+02	 4.90000E+02
 1.84503E+02	 4.90667E+02
 1.84973E+02	 4.93333E+02
 1.85444E+02	 4.93000E+02
 1.85914E+02	 4.92000E+02
 1.86383E+02	 4.91333E+02
 1.86853E+02	 4.91333E+02
 1.87323E+02	 4.90000E+02
 1.87793E+02	 4.94000E+02
 1.88262E+02	 4.91333E+02
 1.88732E+02	 4.93667E+02
 1.89202E+02	 4.91000E+02
 1.89671E+02	 4.91000E+02
 1.90141E+02	 4.91333E+02
 1.90610E+02	 4.89667E+02
 1.91079E+02	 4.93333E+02
 1.91549E+02	 4.91333E+02
 1.92018E+02	 4.93333E+02
 1.92487E+02	 4.93667E+02
 1.92956E+02	 4.97667E+02
 1.93425E+02	 4.92667E+02
 1.93894E+02	 4.91667E+02
 1.94363E+02	 4.94667E+02
 1.94832E+02	 4.96000E+02
 1.95300E+02	 4.96000E+02
 1.95769E+02	 4.95667E+02
 1.96238E+02	 4.95333E+02
 1.96706E+02	 4.98333E+02
 1.97175E+02	 4.96000E+02
 1.97643E+02	 4.94333E+02
 1.98112E+02	 4.99000E+02
 1.98580E+02	 4.96000E+02
 1.99048E+02	 4.96000E+02
 1.99517E+02	 4.97667E+02
 1.99985E+02	 4.96333E+02
 2.00453E+02	 5.00667E+02
 2.00921E+02	 5.00000E+02
 2.01389E+02	 5.01667E+02
 2.01857E+02	 5.02000E+02
 2.02325E+02	 4.99333E+02
 2.02792E+02	 5.02667E+02
 2.03260E+02	 5.05333E+02
 2.03728E+02	 5.00333E+02
 2.04196E+02	 5.01000E+02
 2.04663E+02	 5.04667E+02
 2.05131E+02	 5.08667E+02
 2.05598E+02	 5.05667E+02
 2.06065E+02	 5.08333E+02
 2.06533E+02	 5.05667E+02
 2.07000E+02	 5.10667E+02
 2.07467E+02	 5.12000E+02
 2.07934E+02	 5.12000E+02
 2.08401E+02	 5.07000E+02
 2.08869E+02	 5.16333E+02
 2.09335E+02	 5.14000E+02
 2.09802E+02	 5.12667E+02
 2.10269E+02	 5.18667E+02
 2.10736E+02	 5.18000E+02
 2.11203E+02	 5.19000E+02
 2.11669E+02	 5.24333E+02
 2.12136E+02	 5.21333E+02
 2.12603E+02	 5.24667E+02
 2.13069E+02	 5.27333E+02
 2.13535E+02	 5.27333E+02
 2.14002E+02	 5.34667E+02
 2.14468E+02	 5.33333E+02
 2.14934E+02	 5.36667E+02
 2.15401E+02	 5.34333E+02
 2.15867E+02	 5.40000E+02
 2.16333E+02	 5.45000E+02
 2.16799E+02	 5.43333E+02
 2.17265E+02	 5.47000E+02
 2.17731E+02	 5.48667E+02
 2.18196E+02	 5.48000E+02
 2.18662E+02	 5.61000E+02
 2.19128E+02	 5.55333E+02
 2.19594E+02	 5.61000E+02
 2.20059E+02	 5.69667E+02
 2.20525E+02	 5.70000E+02
 2.20990E+02	 5.71333E+02
 2.21456E+02	 5.78000E+02
 2.21921E+02	 5.80000E+02
 2.22386E+02	 5.85333E+02
 2.22852E+02	 5.92333E+02
 2.23317E+02	 5.88667E+02
 2.23782E+02	 5.81000E+02
 2.24247E+02	 5.90000E+02
 2.24712E+02	 5.83667E+02
 2.25177E+02	 5.88667E+02
 2.25642E+02	 5.76000E+02
 2.26106E+02	 5.76000E+02
 2.26571E+02	 5.78333E+02
 2.27036E+02	 5.71667E+02
 2.27501E+02	 5.63667E+02
 2.27965E+02	 5.75333E+02
 2.28430E+02	 5.66000E+02
 2.28894E+02	 5.71000E+02
 2.29359E+02	 5.59333E+02
 2.29823E+02	 5.57333E+02
 2.30287E+02	 5.50667E+02
 2.30751E+02	 5.50667E+02
 2.31216E+02	 5.50667E+02
 2.31680E+02	 5.44000E+02
 2.32144E+02	 5.44000E+02
 2.32608E+02	 5.36333E+02
 2.33072E+02	 5.34000E+02
 2.33535E+02	 5.31000E+02
 2.33999E+02	 5.32333E+02
 2.34463E+02	 5.24000E+02
 2.34927E+02	 5.22333E+02
 2.35390E+02	 5.19333E+02
 2.35854E+02	 5.19667E+02
 2.36317E+02	 5.19000E+02
 2.36781E+02	 5.17000E+02
 2.37244E+02	 5.17333E+02
 2.37708E+02	 5.13333E+02
 2.38171E+02	 5.12667E+02
 2.38634E+02	 5.12000E+02
 2.39097E+02	 5.12333E+02
 2.39560E+02	 5.10667E+02
 2.40023E+02	 5.06667E+02
 2.40486E+02	 5.08333E+02
 2.40949E+02	 5.07333E+02
 2.41412E+02	 5.08000E+02
 2.41875E+02	 5.05667E+02
 2.42338E+02	 5.02333E+02
 2.42800E+02	 5.00000E+02
 2.43263E+02	 5.08667E+02
 2.43726E+02	 5.01000E+02
 2.44188E+02	 5.01000E+02
 2.44651E+02	 5.06333E+02
 2.45113E+02	 5.01667E+02
 2.45575E+02	 4.97667E+02
 2.46038E+02	 4.97333E+02
 2.46500E+02	 4.97667E+02
 2.46962E+02	 4.99000E+02
 2.47424E+02	 4.95333E+02
 2.47886E+02	 5.01000E+02
 2.48348E+02	 4.98000E+02
 2.48810E+02	 4.98000E+02
 2.49272E+02	 4.96667E+02
 2.49734E+02	 4.98333E+02
 2.50195E+02	 4.95667E+02
 2.50657E+02	 4.98000E+02
 2.51119E+02	 4.97333E+02
 2.51580E+02	 4.96667E+02
 2.52042E+02	 4.93667E+02
 2.52503E+02	 5.00667E+02
 2.52965E+02	 4.95333E+02
 2.53426E+02	 4.95333E+02
 2.53887E+02	 4.97333E+02
 2.54348E+02	 4.91667E+02
 2.54810E+02	 4.94667E+02
 2.55271E+02	 4.97000E+02
 2.55732E+02	 4.95000E+02
 2.56193E+02	 4.93667E+02
 2.56654E+02	 4.93333E+02
 2.57114E+02	 4.94667E+02
 2.57575E+02	 4.91667E+02
 2.58036E+02	 4.97000E+02
 2.58497E+02	 4.92667E+02
 2.58957E+02	 4.91667E+02
 2.59418E+02	 4.93000E+02
 2.59878E+02	 4.94667E+02
 2.60339E+02	 4.92333E+02
 2.60799E+02	 4.93667E+02
 2.61260E+02	 4.90000E+02
 2.61720E+02	 4.93333E+02
 2.62180E+02	 4.95667E+02
 2.62640E+02	 4.95667E+02
 2.63100E+02	 4.96667E+02
 2.63560E+02	 4.93333E+02
 2.64020E+02	 4.95667E+02
 2.64480E+02	 4.95667E+02
 2.64940E+02	 4.98333E+02
 2.65400E+02	 5.00667E+02
 2.65860E+02	 5.01667E+02
 2.66319E+02	 5.00000E+02
 2.66779E+02	 4.98333E+02
 2.67239E+02	 4.95333E+02
 2.67698E+02	 4.98000E+02
 2.68157E+02	 4.94333E+02
 2.68617E+02	 4.93333E+02
 2.69076E+02	 4.96000E+02
 2.69536E+02	 4.94000E+02
 2.69995E+02	 4.90667E+02
 2.70454E+02	 4.92333E+02
 2.70913E+02	 4.88333E+02
 2.71372E+02	 4.92333E+02
 2.71831E+02	 4.88333E+02
 2.72290E+02	 4.87000E+02
 2.72749E+02	 4.92333E+02
 2.73208E+02	 4.92667E+02
 2.73666E+02	 4.87333E+02
 2.74125E+02	 4.87333E+02
 2.74584E+02	 4.88667E+02
 2.75042E+02	 4.89333E+02
 2.75501E+02	 4.89333E+02
 2.75959E+02	 4.90667E+02
 2.76418E+02	 4.87000E+02
 2.76876E+02	 4.85000E+02
 2.77334E+02	 4.92000E+02
 2.77793E+02	 4.88333E+02
 2.78251E+02	 4.88000E+02
 2.78709E+02	 4.88000E+02
 2.79167E+02	 4.88333E+02
 2.79625E+02	 4.86000E+02
 2.80083E+02	 4.89667E+02
 2.80541E+02	 4.91333E+02
 2.80999E+02	 4.87333E+02
 2.81456E+02	 4.86000E+02
 2.81914E+02	 4.86333E+02
 2.82372E+02	 4.88667E+02
 2.82829E+02	 4.85333E+02
 2.83287E+02	 4.88333E+02
 2.83744E+02	 4.86333E+02
 2.84202E+02	 4.86667E+02
 2.84659E+02	 4.86000E+02
 2.85116E+02	 4.88000E+02
 2.85574E+02	 4.86000E+02
 2.86031E+02	 4.87000E+02
 2.86488E+02	 4.86667E+02
 2.86945E+02	 4.86667E+02
 2.87402E+02	 4.85000E+02
 2.87859E+02	 4.86000E+02
 2.88316E+02	 4.87667E+02
 2.88773E+02	 4.84667E+02
 2.89229E+02	 4.88667E+02
 2.89686E+02	 4.86000E+02
 2.90143E+02	 4.88333E+02
 2.90599E+02	 4.86667E+02
 2.91056E+02	 4.86000E+02
 2.91512E+02	 4.84667E+02
 2.91969E+02	 4.86667E+02
 2.92425E+02	 4.88333E+02
 2.92882E+02	 4.86000E+02
 2.93338E+02	 4.85667E+02
 2.93794E+02	 4.86667E+02
 2.94250E+02	 4.83000E+02
 2.94706E+02	 4.88667E+02
 2.95162E+02	 4.85333E+02
 2.95618E+02	 4.84333E+02
 2.96074E+02	 4.89333E+02
 2.96530E+02	 4.85667E+02
 2.96986E+02	 4.84333E+02
 2.97442E+02	 4.86000E+02
 2.97897E+02	 4.89000E+02
 2.98353E+02	 4.85333E+02
 2.98808E+02	 4.85667E+02
 2.99264E+02	 4.88333E+02
 2.99719E+02	 4.86667E+02
 3.00175E+02	 4.86667E+02
 3.00630E+02	 4.85333E+02
 3.01085E+02	 4.85667E+02
 3.01541E+02	 4.88667E+02
 3.01996E+02	 4.85333E+02
 3.02451E+02	 4.85333E+02
 3.02906E+02	 4.85000E+02
 3.03361E+02	 4.86667E+02
 3.03816E+02	 4.84000E+02
 3.04271E+02	 4.86333E+02
 3.04726E+02	 4.84333E+02
 3.05180E+02	 4.83000E+02
 3.05635E+02	 4.86333E+02
 3.06090E+02	 4.88667E+02
 3.06544E+02	 4.85667E+02
 3.06999E+02	 4.88333E+02
 3.07453E+02	 4.86667E+02
 3.07908E+02	 4.89333E+02
 3.08362E+02	 4.88333E+02
 3.08816E+02	 4.89000E+02
 3.09271E+02	 4.87333E+02
 3.09725E+02	 4.88000E+02
 3.10179E+02	 4.87000E+02
 3.10633E+02	 4.88333E+02
 3.11087E+02	 4.87000E+02
 3.11541E+02	 4.92000E+02
 3.11995E+02	 4.87333E+02
 3.12449E+02	 4.90000E+02
 3.12902E+02	 4.84667E+02
 3.13356E+02	 4.87333E+02
 3.13810E+02	 4.86333E+02
 3.14263E+02	 4.87667E+02
 3.14717E+02	 4.86000E+02
 3.15171E+02	 4.86000E+02
 3.15624E+02	 4.88000E+02
 3.16077E+02	 4.90667E+02
 3.16531E+02	 4.88000E+02
 3.16984E+02	 4.87333E+02
 3.17437E+02	 4.88667E+02
 3.17890E+02	 4.89667E+02
 3.18343E+02	 4.85667E+02
 3.18796E+02	 4.85667E+02
 3.19249E+02	 4.84667E+02
 3.19702E+02	 4.88000E+02
 3.20155E+02	 4.93333E+02
 3.20608E+02	 4.89000E+02
 3.21061E+02	 4.91000E+02
 3.21513E+02	 4.86333E+02
 3.21966E+02	 4.92000E+02
 3.22419E+02	 4.91333E+02
 3.22871E+02	 4.91000E+02
 3.23324E+02	 4.90333E+02
 3.23776E+02	 4.88000E+02
 3.24228E+02	 4.88000E+02
 3.24681E+02	 4.88333E+02
 3.25133E+02	 4.88333E+02
 3.25585E+02	 4.92000E+02
 3.26037E+02	 4.94000E+02
 3.26489E+02	 4.90000E+02
 3.26941E+02	 4.87667E+02
 3.27393E+02	 4.88000E+02
 3.27845E+02	 4.90667E+02
 3.28297E+02	 4.91000E+02
 3.28749E+02	 4.88333E+02
 3.29201E+02	 4.90000E+02
 3.29652E+02	 4.89667E+02
 3.30104E+02	 4.88333E+02
 3.30555E+02	 4.95667E+02
 3.31007E+02	 4.91000E+02
 3.31458E+02	 4.88000E+02
 3.31910E+02	 4.94000E+02
 3.32361E+02	 4.90333E+02
 3.32812E+02	 4.91333E+02
 3.33264E+02	 4.94000E+02
 3.33715E+02	 4.96667E+02
 3.34166E+02	 4.94667E+02
 3.34617E+02	 4.91667E+02
 3.35068E+02	 4.95333E+02
 3.35519E+02	 4.91000E+02
 3.35970E+02	 4.98000E+02
 3.36420E+02	 4.97000E+02
 3.36871E+02	 4.94000E+02
 3.37322E+02	 4.98333E+02
 3.37773E+02	 5.00667E+02
 3.38223E+02	 4.97333E+02
 3.38674E+02	 4.96333E+02
 3.39124E+02	 4.98667E+02
 3.39575E+02	 5.00000E+02
 3.40025E+02	 5.05333E+02
 3.40475E+02	 5.02667E+02
 3.40926E+02	 5.04000E+02
 3.41376E+02	 5.00000E+02
 3.41826E+02	 5.03667E+02
 3.42276E+02	 5.03667E+02
 3.42726E+02	 5.03667E+02
 3.43176E+02	 5.03667E+02
 3.43626E+02	 5.07000E+02
 3.44076E+02	 5.06333E+02
 3.44525E+02	 5.13000E+02
 3.44975E+02	 5.12000E+02
 3.45425E+02	 5.13333E+02
 3.45875E+02	 5.09000E+02
 3.46324E+02	 5.13667E+02
 3.46774E+02	 5.20667E+02
 3.47223E+02	 5.17333E+02
 3.47672E+02	 5.17333E+02
 3.48122E+02	 5.17667E+02
 3.48571E+02	 5.26333E+02
 3.49020E+02	 5.24667E+02
 3.49469E+02	 5.26667E+02
 3.49919E+02	 5.30000E+02
 3.50368E+02	 5.28000E+02
 3.50817E+02	 5.33667E+02
 3.51266E+02	 5.39333E+02
 3.51714E+02	 5.37333E+02
 3.52163E+02	 5.43667E+02
 3.52612E+02	 5.48667E+02
 3.53061E+02	 5.54333E+02
 3.53509E+02	 5.59333E+02
 3.53958E+02	 5.57333E+02
 3.54407E+02	 5.57667E+02
 3.54855E+02	 5.52333E+02
 3.55304E+02	 5.46667E+02
 3.55752E+02	 5.38000E+02
 3.56200E+02	 5.39000E+02
 3.56649E+02	 5.39333E+02
 3.57097E+02	 5.32000E+02
 3.57545E+02	 5.27667E+02
 3.57993E+02	 5.25333E+02
 3.58441E+02	 5.22333E+02
 3.58889E+02	 5.26667E+02
 3.59337E+02	 5.19000E+02
 3.59785E+02	 5.16333E+02
 3.60233E+02	 5.16000E+02
 3.60680E+02	 5.16000E+02
 3.61128E+02	 5.16667E+02
 3.61576E+02	 5.13333E+02
 3.62023E+02	 5.09667E+02
 3.62471E+02	 5.11333E+02
 3.62918E+02	 5.09333E+02
 3.63366E+02	 5.11333E+02
 3.63813E+02	 5.11333E+02
 3.64261E+02	 5.07333E+02
 3.64708E+02	 5.09333E+02
 3.65155E+02	 5.03333E+02
 3.65602E+02	 5.03667E+02
 3.66049E+02	 5.02333E+02
 3.66496E+02	 5.08333E+02
 3.66943E+02	 5.02667E+02
 3.67390E+02	 5.04333E+02
 3.67837E+02	 5.05000E+02
 3.68284E+02	 5.00333E+02
 3.68731E+02	 5.03333E+02
 3.69177E+02	 5.01000E+02
 3.69624E+02	 5.05000E+02
 3.70071E+02	 5.00333E+02
 3.70517E+02	 5.01333E+02
 3.70964E+02	 5.01333E+02
 3.71410E+02	 4.99000E+02
 3.71856E+02	 4.98667E+02
 3.72303E+02	 5.01000E+02
 3.72749E+02	 5.01667E+02
 3.73195E+02	 4.99667E+02
 3.73641E+02	 4.98333E+02
 3.74087E+02	 4.99333E+02
 3.74533E+02	 4.99000E+02
 3.74979E+02	 4.98333E+02
 3.75425E+02	 4.97667E+02
 3.75871E+02	 4.94000E+02
 3.76317E+02	 5.01667E+02
 3.76763E+02	 4.96333E+02
 3.77208E+02	 5.00333E+02
 3.77654E+02	 4.96000E+02
 3.78100E+02	 4.94333E+02
 3.78545E+02	 5.00000E+02
 3.78991E+02	 4.92667E+02
 3.79436E+02	 4.95000E+02
 3.79881E+02	 4.90333E+02
 3.80327E+02	 4.93333E+02
 3.80772E+02	 4.96000E+02
 3.81217E+02	 4.96333E+02
 3.81662E+02	 4.90667E+02
 3.82107E+02	 4.96000E+02
 3.82552E+02	 4.96333E+02
 3.82997E+02	 4.93333E+02
 3.83442E+02	 4.94667E+02
 3.83887E+02	 4.97000E+02
 3.84332E+02	 4.92000E+02
 3.84776E+02	 4.89667E+02
 3.85221E+02	 4.96000E+02
 3.85666E+02	 4.97667E+02
 3.86110E+02	 4.95000E+02
 3.86555E+02	 4.94667E+02
 3.86999E+02	 4.92333E+02
 3.87444E+02	 4.94333E+02
 3.87888E+02	 4.93000E+02
 3.88332E+02	 4.92000E+02
 3.88777E+02	 4.93333E+02
 3.89221E+02	 4.97000E+02
 3.89665E+02	 4.97333E+02
 3.90109E+02	 5.02000E+02
 3.90553E+02	 5.00667E+02
 3.90997E+02	 5.06667E+02
 3.91441E+02	 5.12667E+02
 3.91885E+02	 5.13333E+02
 3.92329E+02	 5.20000E+02
 3.92772E+02	 5.16000E+02
 3.93216E+02	 5.10667E+02
 3.93660E+02	 5.04000E+02
 3.94103E+02	 5.06000E+02
 3.94547E+02	 5.03000E+02
 3.94990E+02	 4.98667E+02
 3.95434E+02	 5.07333E+02
 3.95877E+02	 5.03667E+02
 3.96320E+02	 4.99000E+02
 3.96763E+02	 5.03333E+02
 3.97207E+02	 4.99000E+02
 3.97650E+02	 4.98000E+02
 3.98093E+02	 4.92333E+02
 3.98536E+02	 4.91333E+02
 3.98979E+02	 4.95000E+02
 3.99422E+02	 4.95667E+02
 3.99865E+02	 4.89667E+02
 4.00307E+02	 4.91333E+02
 4.00750E+02	 4.87667E+02
 4.01193E+02	 4.87333E+02
 4.01635E+02	 4.87667E+02
 4.02078E+02	 4.88333E+02
 4.02521E+02	 4.88333E+02
 4.02963E+02	 4.88333E+02
 4.03405E+02	 4.88667E+02
 4.03848E+02	 4.89333E+02
 4.04290E+02	 4.87333E+02
 4.04732E+02	 4.88000E+02
 4.05175E+02	 4.85667E+02
 4.05617E+02	 4.87333E+02
 4.06059E+02	 4.86333E+02
 4.06501E+02	 4.87000E+02
 4.06943E+02	 4.85667E+02
 4.07385E+02	 4.86000E+02
 4.07827E+02	 4.87333E+02
 4.08268E+02	 4.84667E+02
 4.08710E+02	 4.88333E+02
 4.09152E+02	 4.87000E+02
 4.09593E+02	 4.83667E+02
 4.10035E+02	 4.86000E+02
 4.10477E+02	 4.85667E+02
 4.10918E+02	 4.84667E+02
 4.11359E+02	 4.85000E+02
 4.11801E+02	 4.85333E+02
 4.12242E+02	 4.87667E+02
 4.12683E+02	 4.85333E+02
 4.13125E+02	 4.84667E+02
 4.13566E+02	 4.87667E+02
 4.14007E+02	 4.85000E+02
 4.14448E+02	 4.86333E+02
 4.14889E+02	 4.82667E+02
 4.15330E+02	 4.86000E+02
 4.15771E+02	 4.85667E+02
 4.16211E+02	 4.84000E+02
 4.16652E+02	 4.85667E+02
 4.17093E+02	 4.86000E+02
 4.17533E+02	 4.84333E+02
 4.17974E+02	 4.84000E+02
 4.18415E+02	 4.84667E+02
 4.18855E+02	 4.85000E+02
 4.19296E+02	 4.85333E+02
 4.19736E+02	 4.82667E+02
 4.20176E+02	 4.87000E+02
 4.20616E+02	 4.83333E+02
 4.21057E+02	 4.86333E+02
 4.21497E+02	 4.87000E+02
 4.21937E+02	 4.82333E+02
 4.22377E+02	 4.86000E+02
 4.22817E+02	 4.85667E+02
 4.23257E+02	 4.84333E+02
 4.23697E+02	 4.85333E+02
 4.24137E+02	 4.84667E+02
 4.24576E+02	 4.85000E+02
 4.25016E+02	 4.84667E+02
 4.25456E+02	 4.86000E+02
 4.25895E+02	 4.85000E+02
 4.26335E+02	 4.87667E+02
 4.26774E+02	 4.86667E+02
 4.27214E+02	 4.81667E+02
 4.27653E+02	 4.84333E+02
 4.28093E+02	 4.87333E+02
 4.28532E+02	 4.84667E+02
 4.28971E+02	 4.87000E+02
 4.29410E+02	 4.83667E+02
 4.29849E+02	 4.86000E+02
 4.30288E+02	 4.84333E+02
 4.30727E+02	 4.86667E+02
 4.31166E+02	 4.86333E+02
 4.31605E+02	 4.86667E+02
 4.32044E+02	 4.84333E+02
 4.32483E+02	 4.87667E+02
 4.32922E+02	 4.87000E+02
 4.33360E+02	 4.84000E+02
 4.33799E+02	 4.86000E+02
 4.34237E+02	 4.85333E+02
 4.34676E+02	 4.86000E+02
 4.35114E+02	 4.86333E+02
 4.35553E+02	 4.89333E+02
 4.35991E+02	 4.87333E+02
 4.36429E+02	 4.83667E+02
 4.36868E+02	 4.84000E+02
 4.37306E+02	 4.84667E+02
 4.37744E+02	 4.87000E+02
 4.38182E+02	 4.85667E+02
 4.38620E+02	 4.85000E+02
 4.39058E+02	 4.85000E+02
 4.39496E+02	 4.84333E+02
 4.39934E+02	 4.87667E+02
 4.40372E+02	 4.87000E+02
 4.40809E+02	 4.87000E+02
 4.41247E+02	 4.88667E+02
 4.41685E+02	 4.85333E+02
 4.42122E+02	 4.87333E+02
 4.42560E+02	 4.87333E+02
 4.42997E+02	 4.88333E+02
 4.43435E+02	 4.89667E+02
 4.43872E+02	 4.87000E+02
 4.44309E+02	 4.90000E+02
 4.44747E+02	 4.88000E+02
 4.45184E+02	 4.87333E+02
 4.45621E+02	 4.86333E+02
 4.46058E+02	 4.82000E+02
 4.46495E+02	 4.90000E+02
 4.46932E+02	 4.88667E+02
 4.47369E+02	 4.91000E+02
 4.47806E+02	 4.90333E+02
 4.48243E+02	 4.94333E+02
 4.48679E+02	 4.92333E+02
 4.49116E+02	 4.93333E+02
 4.49553E+02	 4.92000E+02
 4.49989E+02	 4.90667E+02
 4.50426E+02	 4.93333E+02
 4.50862E+02	 4.97667E+02
 4.51299E+02	 4.95000E+02
 4.51735E+02	 4.94000E+02
 4.52172E+02	 4.95667E+02
 4.52608E+02	 4.97000E+02
 4.53044E+02	 5.02000E+02
 4.53480E+02	 4.98667E+02
 4.53916E+02	 4.98000E+02
 4.54353E+02	 5.05000E+02
 4.54789E+02	 5.01667E+02
 4.55224E+02	 5.00000E+02
 4.55660E+02	 5.03000E+02
 4.56096E+02	 5.05333E+02
 4.56532E+02	 5.07000E+02
 4.56968E+02	 5.12333E+02
 4.57403E+02	 5.05667E+02
 4.57839E+02	 5.10000E+02
 4.58275E+02	 5.12667E+02
 4.58710E+02	 5.13667E+02
 4.59146E+02	 5.17667E+02
 4.59581E+02	 5.19333E+02
 4.60016E+02	 5.24333E+02
 4.60452E+02	 5.22667E+02
 4.60887E+02	 5.33667E+02
 4.61322E+02	 5.31667E+02
 4.61757E+02	 5.32000E+02
 4.62192E+02	 5.37000E+02
 4.62627E+02	 5.44667E+02
 4.63062E+02	 5.48333E+02
 4.63497E+02	 5.56000E+02
 4.63932E+02	 5.65333E+02
 4.64367E+02	 5.72333E+02
 4.64802E+02	 5.86333E+02
 4.65236E+02	 5.89000E+02
 4.65671E+02	 6.15000E+02
 4.66106E+02	 6.28333E+02
 4.66540E+02	 6.43333E+02
 4.66975E+02	 6.81000E+02
 4.67409E+02	 7.03000E+02
 4.67844E+02	 7.27000E+02
 4.68278E+02	 7.72000E+02
 4.68712E+02	 7.95667E+02
 4.69146E+02	 8.19667E+02
 4.69581E+02	 8.62000E+02
 4.70015E+02	 8.72667E+02
 4.70449E+02	 8.88000E+02
 4.70883E+02	 8.82667E+02
 4.71317E+02	 8.64333E+02
 4.71751E+02	 8.52000E+02
 4.72185E+02	 8.11000E+02
 4.72618E+02	 7.92333E+02
 4.73052E+02	 7.58667E+02
 4.73486E+02	 7.26667E+02
 4.73919E+02	 6.95333E+02
 4.74353E+02	 6.83000E+02
 4.74787E+02	 6.50667E+02
 4.75220E+02	 6.25000E+02
 4.75653E+02	 6.18000E+02
 4.76087E+02	 6.00667E+02
 4.76520E+02	 5.91333E+02
 4.76953E+02	 5.90333E+02
 4.77387E+02	 5.75667E+02
 4.77820E+02	 5.69000E+02
 4.78253E+02	 5.60333E+02
 4.78686E+02	 5.59333E+02
 4.79119E+02	 5.49667E+02
 4.79552E+02	 5.46000E+02
 4.79985E+02	 5.39667E+02
 4.80417E+02	 5.40000E+02
 4.80850E+02	 5.27667E+02
 4.81283E+02	 5.31333E+02
 4.81716E+02	 5.28667E+02
 4.82148E+02	 5.25667E+02
 4.82581E+02	 5.30667E+02
 4.83013E+02	 5.21333E+02
 4.83446E+02	 5.16333E+02
 4.83878E+02	 5.20667E+02
 4.84311E+02	 5.15333E+02
 4.84743E+02	 5.14333E+02
 4.85175E+02	 5.14000E+02
 4.85607E+02	 5.13667E+02
 4.86039E+02	 5.11000E+02
 4.86471E+02	 5.07333E+02
 4.86903E+02	 5.07667E+02
 4.87335E+02	 5.06667E+02
 4.87767E+02	 5.09333E+02
 4.88199E+02	 5.05000E+02
 4.88631E+02	 5.06667E+02
 4.89063E+02	 5.06000E+02
 4.89495E+02	 5.01667E+02
 4.89926E+02	 5.02333E+02
 4.90358E+02	 5.05667E+02
 4.90789E+02	 5.03333E+02
 4.91221E+02	 5.04667E+02
 4.91652E+02	 5.01333E+02
 4.92084E+02	 4.99333E+02
 4.92515E+02	 5.00333E+02
 4.92946E+02	 4.99333E+02
 4.93377E+02	 4.95667E+02
 4.93809E+02	 5.00333E+02
 4.94240E+02	 5.01667E+02
 4.94671E+02	 4.99000E+02
 4.95102E+02	 5.00000E+02
 4.95533E+02	 4.98667E+02
 4.95964E+02	 5.02000E+02
 4.96395E+02	 4.99333E+02
 4.96825E+02	 4.99667E+02
 4.97256E+02	 4.97333E+02
 4.97687E+02	 5.02667E+02
 4.98117E+02	 5.02333E+02
 4.98548E+02	 5.04000E+02
 4.98979E+02	 5.03333E+02
 4.99409E+02	 5.06000E+02
 4.99839E+02	 5.08000E+02
 5.00270E+02	 5.06000E+02
 5.00700E+02	 5.10333E+02
 5.01130E+02	 5.09000E+02
 5.01561E+02	 5.03333E+02
 5.01991E+02	 5.11000E+02
 5.02421E+02	 5.16000E+02
 5.02851E+02	 5.08667E+02
 5.03281E+02	 5.10333E+02
 5.03711E+02	 5.12000E+02
 5.04141E+02	 5.07000E+02
 5.04571E+02	 5.05000E+02
 5.05000E+02	 5.02333E+02
 5.05430E+02	 4.98333E+02
 5.05860E+02	 5.01667E+02
 5.06289E+02	 4.99000E+02
 5.06719E+02	 4.98000E+02
 5.07149E+02	 5.02667E+02
 5.07578E+02	 4.95333E+02
 5.08007E+02	 4.97333E+02
 5.08437E+02	 4.98333E+02
 5.08866E+02	 4.95667E+02
 5.09295E+02	 4.94333E+02
 5.09725E+02	 4.91333E+02
 5.10154E+02	 4.93667E+02
 5.10583E+02	 4.90000E+02
 5.11012E+02	 4.94333E+02
 5.11441E+02	 4.92333E+02
 5.11870E+02	 4.89333E+02
 5.12299E+02	 4.93667E+02
 5.12728E+02	 4.90000E+02
 5.13156E+02	 4.91667E+02
 5.13585E+02	 4.91667E+02
 5.14014E+02	 4.89667E+02
 5.14442E+02	 4.92333E+02
 5.14871E+02	 4.93333E+02
 5.15299E+02	 4.91333E+02
 5.15728E+02	 4.85333E+02
 5.16156E+02	 4.92000E+02
 5.16585E+02	 4.91000E+02
 5.17013E+02	 4.88000E+02
 5.17441E+02	 4.87333E+02
 5.17869E+02	 4.89000E+02
 5.18298E+02	 4.91667E+02
 5.18726E+02	 4.87667E+02
 5.19154E+02	 4.88000E+02
 5.19582E+02	 4.87667E+02
 5.20010E+02	 4.89667E+02
 5.20438E+02	 4.90000E+02
 5.20865E+02	 4.90333E+02
 5.21293E+02	 4.92000E+02
 5.21721E+02	 4.88667E+02
 5.22149E+02	 4.89333E+02
 5.22576E+02	 4.90000E+02
 5.23004E+02	 4.89667E+02
 5.23431E+02	 4.91333E+02
 5.23859E+02	 4.87333E+02
 5.24286E+02	 4.92333E+02
 5.24713E+02	 4.88000E+02
 5.25141E+02	 4.90000E+02
 5.25568E+02	 4.90000E+02
 5.25995E+02	 4.88333E+02
 5.26422E+02	 4.85333E+02
 5.26849E+02	 4.92667E+02
 5.27277E+02	 4.87667E+02
 5.27704E+02	 4.88333E+02
 5.28130E+02	 4.90333E+02
 5.28557E+02	 4.89000E+02
 5.28984E+02	 4.89667E+02
 5.29411E+02	 4.88333E+02
 5.29838E+02	 4.90667E+02
 5.30264E+02	 4.90667E+02
 5.30691E+02	 4.85667E+02
 5.31118E+02	 4.87333E+02
 5.31544E+02	 4.88667E+02
 5.31971E+02	 4.87000E+02
 5.32397E+02	 4.90333E+02
 5.32823E+02	 4.86333E+02
 5.33250E+02	 4.87333E+02
 5.33676E+02	 4.91333E+02
 5.34102E+02	 4.88667E+02
 5.34528E+02	 4.88333E+02
 5.34954E+02	 4.89000E+02
 5.35380E+02	 4.88667E+02
 5.35806E+02	 4.86333E+02
 5.36232E+02	 4.88333E+02
 5.36658E+02	 4.84000E+02
 5.37084E+02	 4.89333E+02
 5.37510E+02	 4.93000E+02
 5.37936E+02	 4.91000E+02
 5.38361E+02	 4.90333E+02
 5.38787E+02	 4.86667E+02
 5.39212E+02	 4.86333E+02
 5.39638E+02	 4.86333E+02
 5.40063E+02	 4.91000E+02
 5.40489E+02	 4.86667E+02
 5.40914E+02	 4.89333E+02
 5.41339E+02	 4.91333E+02
 5.41765E+02	 4.91333E+02
 5.42190E+02	 4.88333E+02
 5.42615E+02	 4.87667E+02
 5.43040E+02	 4.92667E+02
 5.43465E+02	 4.93333E+02
 5.43890E+02	 4.93667E+02
 5.44315E+02	 4.91000E+02
 5.44740E+02	 4.92000E+02
 5.45165E+02	 4.92333E+02
 5.45590E+02	 4.89333E+02
 5.46014E+02	 4.91667E+02
 5.46439E+02	 4.94333E+02
 5.46864E+02	 4.91000E+02
 5.47288E+02	 4.93667E+02
 5.47713E+02	 4.95000E+02
 5.48137E+02	 4.90333E+02
 5.48562E+02	 4.93667E+02
 5.48986E+02	 4.96000E+02
 5.49410E+02	 4.96667E+02
 5.49835E+02	 4.96667E+02
 5.50259E+02	 4.96000E+02
 5.50683E+02	 4.99000E+02
 5.51107E+02	 5.01333E+02
 5.51531E+02	 5.02667E+02
 5.51955E+02	 4.99333E+02
 5.52379E+02	 5.00000E+02
 5.52803E+02	 4.99000E+02
 5.53227E+02	 5.04667E+02
 5.53651E+02	 5.00667E+02
 5.54075E+02	 5.03000E+02
 5.54498E+02	 4.99333E+02
 5.54922E+02	 4.97000E+02
 5.55345E+02	 4.97000E+02
 5.55769E+02	 4.96000E+02
 5.56192E+02	 4.98000E+02
 5.56616E+02	 4.97000E+02
 5.57039E+02	 4.94667E+02
 5.57463E+02	 4.95667E+02
 5.57886E+02	 4.96000E+02
 5.58309E+02	 4.93667E+02
 5.58732E+02	 4.94000E+02
 5.59155E+02	 4.93667E+02
 5.59579E+02	 4.92667E+02
 5.60002E+02	 4.88667E+02
 5.60425E+02	 4.91000E+02
 5.60847E+02	 4.90000E+02
 5.61270E+02	 4.91333E+02
 5.61693E+02	 4.87667E+02
 5.62116E+02	 4.87000E+02
 5.62539E+02	 4.90000E+02
 5.62961E+02	 4.87667E+02
 5.63384E+02	 4.90333E+02
 5.63806E+02	 4.89667E+02
 5.64229E+02	 4.87000E+02
 5.64651E+02	 4.87667E+02
 5.65074E+02	 4.89667E+02
 5.65496E+02	 4.87667E+02
 5.65918E+02	 4.86667E+02
 5.66341E+02	 4.85667E+02
 5.66763E+02	 4.86667E+02
 5.67185E+02	 4.85333E+02
 5.67607E+02	 4.87000E+02
 5.68029E+02	 4.88333E+02
 5.68451E+02	 4.84000E+02
 5.68873E+02	 4.86333E+02
 5.69295E+02	 4.81000E+02
 5.69717E+02	 4.82667E+02
 5.70138E+02	 4.84333E+02
 5.70560E+02	 4.87667E+02
 5.70982E+02	 4.86000E+02
 5.71403E+02	 4.85667E+02
 5.71825E+02	 4.86000E+02
 5.72247E+02	 4.84333E+02
 5.72668E+02	 4.83333E+02
 5.73089E+02	 4.84000E+02
 5.73511E+02	 4.86667E+02
 5.73932E+02	 4.86333E+02
 5.74353E+02	 4.86000E+02
 5.74775E+02	 4.84667E+02
 5.75196E+02	 4.87333E+02
 5.75617E+02	 4.87333E+02
 5.76038E+02	 4.85667E+02
 5.76459E+02	 4.87333E+02
 5.76880E+02	 4.85000E+02
 5.77301E+02	 4.83667E+02
 5.77722E+02	 4.85667E+02
 5.78142E+02	 4.83667E+02
 5.78563E+02	 4.85667E+02
 5.78984E+02	 4.84000E+02
 5.79405E+02	 4.86333E+02
 5.79825E+02	 4.89333E+02
 5.80246E+02	 4.85667E+02
 5.80666E+02	 4.82333E+02
 5.81087E+02	 4.85667E+02
 5.81507E+02	 4.82333E+02
 5.81927E+02	 4.85667E+02
 5.82348E+02	 4.82667E+02
 5.82768E+02	 4.86000E+02
 5.83188E+02	 4.84667E+02
 5.83608E+02	 4.85667E+02
 5.84028E+02	 4.84667E+02
 5.84448E+02	 4.86667E+02
 5.84868E+02	 4.82667E+02
 5.85288E+02	 4.87000E+02
 5.85708E+02	 4.83000E+02
 5.86128E+02	 4.83667E+02
 5.86548E+02	 4.88000E+02
 5.86967E+02	 4.84667E+02
 5.87387E+02	 4.84667E+02
 5.87807E+02	 4.86000E+02
 5.88226E+02	 4.85000E+02
 5.88646E+02	 4.83667E+02
 5.89065E+02	 4.82333E+02
 5.89485E+02	 4.85000E+02
 5.89904E+02	 4.89000E+02
 5.90323E+02	 4.83333E+02
 5.90742E+02	 4.83000E+02
 5.91162E+02	 4.86000E+02
 5.91581E+02	 4.84333E+02
 5.92000E+02	 4.86667E+02
 5.92419E+02	 4.84000E+02
 5.92838E+02	 4.84667E+02
 5.93257E+02	 4.86333E+02
 5.93676E+02	 4.88000E+02
 5.94095E+02	 4.84667E+02
 5.94513E+02	 4.87000E+02
 5.94932E+02	 4.86333E+02
 5.95351E+02	 4.84667E+02
 5.95770E+02	 4.87000E+02
 5.96188E+02	 4.84333E+02
 5.96607E+02	 4.85333E+02
 5.97025E+02	 4.86333E+02
 5.97444E+02	 4.88333E+02
 5.97862E+02	 4.82667E+02
 5.98280E+02	 4.83667E+02
 5.98699E+02	 4.87667E+02
 5.99117E+02	 4.85000E+02
 5.99535E+02	 4.86667E+02
 5.99953E+02	 4.85333E+02
 6.00371E+02	 4.83333E+02
 6.00789E+02	 4.83667E+02
 6.01207E+02	 4.84667E+02
 6.01625E+02	 4.87333E+02
 6.02043E+02	 4.83333E+02
 6.02461E+02	 4.86333E+02
 6.02879E+02	 4.85333E+02
 6.03296E+02	 4.84667E+02
 6.03714E+02	 4.85000E+02
 6.04132E+02	 4.85333E+02
 6.04549E+02	 4.82333E+02
 6.04967E+02	 4.82333E+02
 6.05384E+02	 4.79667E+02
 6.05802E+02	 4.85667E+02
 6.06219E+02	 4.84000E+02
 6.06636E+02	 4.81667E+02
 6.07054E+02	 4.81333E+02
 6.07471E+02	 4.82333E+02
 6.07888E+02	 4.83667E+02
 6.08305E+02	 4.83667E+02
 6.08722E+02	 4.84000E+02
 6.09139E+02	 4.84333E+02
 6.09556E+02	 4.86333E+02
 6.09973E+02	 4.83667E+02
 6.10390E+02	 4.83333E+02
 6.10807E+02	 4.83667E+02
 6.11223E+02	 4.82667E+02
 6.11640E+02	 4.82333E+02
 6.12057E+02	 4.84333E+02
 6.12473E+02	 4.84000E+02
 6.12890E+02	 4.82333E+02
 6.13306E+02	 4.89333E+02
 6.13723E+02	 4.84000E+02
 6.14139E+02	 4.83000E+02
 6.14556E+02	 4.83333E+02
 6.14972E+02	 4.82000E+02
 6.15388E+02	 4.81000E+02
 6.15804E+02	 4.82000E+02
 6.16221E+02	 4.83000E+02
 6.16637E+02	 4.84667E+02
 6.17053E+02	 4.84333E+02
 6.17469E+02	 4.85667E+02
 6.17885E+02	 4.83000E+02
 6.18301E+02	 4.85000E+02
 6.18716E+02	 4.80333E+02
 6.19132E+02	 4.82667E+02
 6.19548E+02	 4.84333E+02
 6.19964E+02	 4.84000E+02
 6.20379E+02	 4.84000E+02
 6.20795E+02	 4.86000E+02
 6.21210E+02	 4.85333E+02
 6.21626E+02	 4.83333E+02
 6.22041E+02	 4.85333E+02
 6.22457E+02	 4.85000E+02
 6.22872E+02	 4.84000E+02
 6.23287E+02	 4.82333E+02
 6.23703E+02	 4.86000E+02
 6.24118E+02	 4.85000E+02
 6.24533E+02	 4.88333E+02
 6.24948E+02	 4.84667E+02
 6.25363E+02	 4.85000E+02
 6.25778E+02	 4.85333E+02
 6.26193E+02	 4.84333E+02
 6.26608E+02	 4.84667E+02
 6.27023E+02	 4.87667E+02
 6.27437E+02	 4.83667E+02
 6.27852E+02	 4.83000E+02
 6.28267E+02	 4.87000E+02
 6.28682E+02	 4.86667E+02
 6.29096E+02	 4.88000E+02
 6.29511E+02	 4.86000E+02
 6.29925E+02	 4.87000E+02
 6.30340E+02	 4.86333E+02
 6.30754E+02	 4.89667E+02
 6.31168E+02	 4.90667E+02
 6.31583E+02	 4.88333E+02
 6.31997E+02	 4.90667E+02
 6.32411E+02	 4.89000E+02
 6.32825E+02	 4.85667E+02
 6.33239E+02	 4.85667E+02
 6.33653E+02	 4.86000E+02
 6.34067E+02	 4.86000E+02
 6.34481E+02	 4.85333E+02
 6.34895E+02	 4.85000E+02
 6.35309E+02	 4.85000E+02
 6.35723E+02	 4.83333E+02
 6.36136E+02	 4.88000E+02
 6.36550E+02	 4.86667E+02
 6.36964E+02	 4.86667E+02
 6.37377E+02	 4.83333E+02
 6.37791E+02	 4.84000E+02
 6.38204E+02	 4.87667E+02
 6.38618E+02	 4.86667E+02
 6.39031E+02	 4.87667E+02
 6.39444E+02	 4.87000E+02
 6.39858E+02	 4.82333E+02
 6.40271E+02	 4.84667E+02
 6.40684E+02	 4.87667E+02
 6.41097E+02	 4.83667E+02
 6.41510E+02	 4.86000E+02
 6.41923E+02	 4.85667E+02
 6.42336E+02	 4.85000E+02
 6.42749E+02	 4.84667E+02
 6.43162E+02	 4.85333E+02
 6.43575E+02	 4.87333E+02
 6.43988E+02	 4.84333E+02
 6.44400E+02	 4.84000E+02
 6.44813E+02	 4.82667E+02
 6.45226E+02	 4.82667E+02
 6.45638E+02	 4.83333E+02
 6.46051E+02	 4.83333E+02
 6.46463E+02	 4.82000E+02
 6.46876E+02	 4.80000E+02
 6.47288E+02	 4.82000E+02
 6.47700E+02	 4.85333E+02
 6.48113E+02	 4.84000E+02
 6.48525E+02	 4.84000E+02
 6.48937E+02	 4.82333E+02
 6.49349E+02	 4.82333E+02
 6.49761E+02	 4.83333E+02
 6.50173E+02	 4.81667E+02
 6.50585E+02	 4.85000E+02
 6.50997E+02	 4.85667E+02
 6.51409E+02	 4.83667E+02
 6.51821E+02	 4.80333E+02
 6.52233E+02	 4.83000E+02
 6.52644E+02	 4.84667E+02
 6.53056E+02	 4.81667E+02
 6.53468E+02	 4.83667E+02
 6.53879E+02	 4.81667E+02
 6.54291E+02	 4.84667E+02
 6.54702E+02	 4.82333E+02
 6.55114E+02	 4.84000E+02
 6.55525E+02	 4.83333E+02
 6.55936E+02	 4.83000E+02
 6.56348E+02	 4.84667E+02
 6.56759E+02	 4.84333E+02
 6.57170E+02	 4.83333E+02
 6.57581E+02	 4.80333E+02
 6.57992E+02	 4.83000E+02
 6.58403E+02	 4.83667E+02
 6.58814E+02	 4.83333E+02
 6.59225E+02	 4.83000E+02
 6.59636E+02	 4.82333E+02
 6.60047E+02	 4.83000E+02
 6.60458E+02	 4.79667E+02
 6.60868E+02	 4.82333E+02
 6.61279E+02	 4.82333E+02
 6.61690E+02	 4.80000E+02
 6.62100E+02	 4.83000E+02
 6.62511E+02	 4.83667E+02
 6.62921E+02	 4.82667E+02
 6.63332E+02	 4.82667E+02
 6.63742E+02	 4.80333E+02
 6.64152E+02	 4.83333E+02
 6.64563E+02	 4.84000E+02
 6.64973E+02	 4.82667E+02
 6.65383E+02	 4.83667E+02
 6.65793E+02	 4.83000E+02
 6.66203E+02	 4.83333E+02
 6.66613E+02	 4.78667E+02
 6.67023E+02	 4.84333E+02
 6.67433E+02	 4.83667E+02
 6.67843E+02	 4.81667E+02
 6.68253E+02	 4.84667E+02
 6.68663E+02	 4.83000E+02
 6.69072E+02	 4.83000E+02
 6.69482E+02	 4.81667E+02
 6.69892E+02	 4.81333E+02
 6.70301E+02	 4.83000E+02
 6.70711E+02	 4.84000E+02
 6.71120E+02	 4.83333E+02
 6.71530E+02	 4.81667E+02
 6.71939E+02	 4.84667E+02
 6.72349E+02	 4.84000E+02
 6.72758E+02	 4.83000E+02
 6.73167E+02	 4.87333E+02
 6.73576E+02	 4.84000E+02
 6.73985E+02	 4.82667E+02
 6.74395E+02	 4.79667E+02
 6.74804E+02	 4.79667E+02
 6.75213E+02	 4.84333E+02
 6.75622E+02	 4.79667E+02
 6.76030E+02	 4.86000E+02
 6.76439E+02	 4.82667E+02
 6.76848E+02	 4.83667E+02
 6.77257E+02	 4.81667E+02
 6.77666E+02	 4.82000E+02
 6.78074E+02	 4.81000E+02
 6.78483E+02	 4.82333E+02
 6.78891E+02	 4.81000E+02
 6.79300E+02	 4.84000E+02
 6.79708E+02	 4.80667E+02
 6.80117E+02	 4.81667E+02
 6.80525E+02	 4.83000E+02
 6.80933E+02	 4.80333E+02
 6.81342E+02	 4.81667E+02
 6.81750E+02	 4.80667E+02
 6.82158E+02	 4.80000E+02
 6.82566E+02	 4.84333E+02
 6.82974E+02	 4.82333E+02
 6.83382E+02	 4.80667E+02
 6.83790E+02	 4.84000E+02
 6.84198E+02	 4.83000E+02
 6.84606E+02	 4.85667E+02
 6.85014E+02	 4.80667E+02
 6.85421E+02	 4.82333E+02
 6.85829E+02	 4.80667E+02
 6.86237E+02	 4.81333E+02
 6.86644E+02	 4.80000E+02
 6.87052E+02	 4.78000E+02
 6.87459E+02	 4.81667E+02
 6.87867E+02	 4.81000E+02
 6.88274E+02	 4.82000E+02
 6.88682E+02	 4.84000E+02
 6.89089E+02	 4.83333E+02
 6.89496E+02	 4.84000E+02
 6.89904E+02	 4.80667E+02
 6.90311E+02	 4.84000E+02
 6.90718E+02	 4.83333E+02
 6.91125E+02	 4.83333E+02
 6.91532E+02	 4.83000E+02
 6.91939E+02	 4.81667E+02
 6.92346E+02	 4.82333E+02
 6.92753E+02	 4.84000E+02
 6.93160E+02	 4.81000E+02
 6.93566E+02	 4.82667E+02
 6.93973E+02	 4.85333E+02
 6.94380E+02	 4.84000E+02
 6.94786E+02	 4.86000E+02
 6.95193E+02	 4.85333E+02
 6.95599E+02	 4.82667E+02
 6.96006E+02	 4.85333E+02
 6.96412E+02	 4.81667E+02
 6.96819E+02	 4.84333E+02
 6.97225E+02	 4.83000E+02
 6.97631E+02	 4.86667E+02
 6.98038E+02	 4.90333E+02
 6.98444E+02	 4.89333E+02
 6.98850E+02	 4.90000E+02
 6.99256E+02	 4.87333E+02
 6.99662E+02	 4.90667E+02
 7.00068E+02	 4.89667E+02
 7.00474E+02	 4.87667E+02
 7.00880E+02	 4.88333E+02
 7.01286E+02	 4.88000E+02
 7.01692E+02	 4.86667E+02
 7.02097E+02	 4.85333E+02
 7.02503E+02	 4.85000E+02
 7.02909E+02	 4.83333E+02
 7.03314E+02	 4.86000E+02
 7.03720E+02	 4.87000E+02
 7.04125E+02	 4.84333E+02
 7.04531E+02	 4.84667E+02
 7.04936E+02	 4.85667E+02
 7.05342E+02	 4.81333E+02
 7.05747E+02	 4.86333E+02
 7.06152E+02	 4.86333E+02
 7.06557E+02	 4.84333E+02
 7.06963E+02	 4.83667E+02
 7.07368E+02	 4.83333E+02
 7.07773E+02	 4.82667E+02
 7.08178E+02	 4.82333E+02
 7.08583E+02	 4.84667E+02
 7.08988E+02	 4.82667E+02
 7.09393E+02	 4.83667E+02
 7.09797E+02	 4.82000E+02
 7.10202E+02	 4.81000E+02
 7.10607E+02	 4.81000E+02
 7.11012E+02	 4.83333E+02
 7.11416E+02	 4.83333E+02
 7.11821E+02	 4.83000E+02
 7.12225E+02	 4.84333E+02
 7.12630E+02	 4.84000E+02
 7.13034E+02	 4.82667E+02
 7.13439E+02	 4.83333E+02
 7.13843E+02	 4.82333E+02
 7.14247E+02	 4.82000E+02
 7.14651E+02	 4.81000E+02
 7.15056E+02	 4.80667E+02
 7.15460E+02	 4.82667E+02
 7.15864E+02	 4.82000E+02
 7.16268E+02	 4.79333E+02
 7.16672E+02	 4.82333E+02
 7.17076E+02	 4.80667E+02
 7.17480E+02	 4.80667E+02
 7.17884E+02	 4.81333E+02
 7.18287E+02	 4.83000E+02
 7.18691E+02	 4.79667E+02
 7.19095E+02	 4.81333E+02
 7.19499E+02	 4.80667E+02
 7.19902E+02	 4.81333E+02
 7.20306E+02	 4.84000E+02
 7.20709E+02	 4.80000E+02
 7.21113E+02	 4.81333E+02
 7.21516E+02	 4.82333E+02
 7.21920E+02	 4.80333E+02
 7.22323E+02	 4.82667E+02
 7.22726E+02	 4.81000E+02
 7.23129E+02	 4.84333E+02
 7.23532E+02	 4.82000E+02
 7.23936E+02	 4.78667E+02
 7.24339E+02	 4.82333E+02
 7.24742E+02	 4.79667E+02
 7.25145E+02	 4.80667E+02
 7.25548E+02	 4.83667E+02
 7.25951E+02	 4.79333E+02
 7.26353E+02	 4.80000E+02
 7.26756E+02	 4.84333E+02
 7.27159E+02	 4.79667E+02
 7.27562E+02	 4.82000E+02
 7.27964E+02	 4.80667E+02
 7.28367E+02	 4.82667E+02
 7.28769E+02	 4.80000E+02
 7.29172E+02	 4.83333E+02
 7.29574E+02	 4.83333E+02
 7.29977E+02	 4.81333E+02
 7.30379E+02	 4.82667E+02
 7.30781E+02	 4.79333E+02
 7.31184E+02	 4.82667E+02
 7.31586E+02	 4.81667E+02
 7.31988E+02	 4.80667E+02
 7.32390E+02	 4.80000E+02
 7.32792E+02	 4.80667E+02
 7.33194E+02	 4.81667E+02
 7.33596E+02	 4.78667E+02
 7.33998E+02	 4.80333E+02
 7.34400E+02	 4.82667E+02
 7.34802E+02	 4.81000E+02
 7.35204E+02	 4.80333E+02
 7.35605E+02	 4.81667E+02
 7.36007E+02	 4.82000E+02
 7.36409E+02	 4.78667E+02
 7.36810E+02	 4.83000E+02
 7.37212E+02	 4.82667E+02
 7.37613E+02	 4.82333E+02
 7.38015E+02	 4.82667E+02
 7.38416E+02	 4.82333E+02
 7.38817E+02	 4.81667E+02
 7.39219E+02	 4.78667E+02
 7.39620E+02	 4.80333E+02
 7.40021E+02	 4.81333E+02
 7.40422E+02	 4.82333E+02
 7.40823E+02	 4.80333E+02
 7.41224E+02	 4.83667E+02
 7.41625E+02	 4.81667E+02
 7.42026E+02	 4.80000E+02
 7.42427E+02	 4.85000E+02
 7.42828E+02	 4.81000E+02
 7.43229E+02	 4.82333E+02
 7.43630E+02	 4.80333E+02
 7.44030E+02	 4.83000E+02
 7.44431E+02	 4.82000E+02
 7.44832E+02	 4.83000E+02
 7.45232E+02	 4.82000E+02
 7.45633E+02	 4.82333E+02
 7.46033E+02	 4.81000E+02
 7.46434E+02	 4.82000E+02
 7.46834E+02	 4.82000E+02
 7.47234E+02	 4.83333E+02
 7.47635E+02	 4.82000E+02
 7.48035E+02	 4.80333E+02
 7.48435E+02	 4.81667E+02
 7.48835E+02	 4.85000E+02
 7.49235E+02	 4.83333E+02
 7.49635E+02	 4.82667E+02
 7.50035E+02	 4.85667E+02
 7.50435E+02	 4.81000E+02
 7.50835E+02	 4.81333E+02
 7.51235E+02	 4.80667E+02
 7.51635E+02	 4.82000E+02
 7.52035E+02	 4.81667E+02
 7.52434E+02	 4.79333E+02
 7.52834E+02	 4.79000E+02
 7.53234E+02	 4.83000E+02
 7.53633E+02	 4.83667E+02
 7.54033E+02	 4.81000E+02
 7.54432E+02	 4.81000E+02
 7.54832E+02	 4.81000E+02
 7.55231E+02	 4.81667E+02
 7.55630E+02	 4.83000E+02
 7.56030E+02	 4.81000E+02
 7.56429E+02	 4.84667E+02
 7.56828E+02	 4.81667E+02
 7.57227E+02	 4.84333E+02
 7.57626E+02	 4.82667E+02
 7.58025E+02	 4.82333E+02
 7.58424E+02	 4.79667E+02
 7.58823E+02	 4.81333E+02
 7.59222E+02	 4.82667E+02
 7.59621E+02	 4.81667E+02
 7.60020E+02	 4.81333E+02
 7.60419E+02	 4.83333E+02
 7.60817E+02	 4.82667E+02
 7.61216E+02	 4.81333E+02
 7.61615E+02	 4.80667E+02
 7.62013E+02	 4.81000E+02
 7.62412E+02	 4.80000E+02
 7.62810E+02	 4.84000E+02
 7.63209E+02	 4.82333E+02
 7.63607E+02	 4.84333E+02
 7.64005E+02	 4.77000E+02
 7.64404E+02	 4.81333E+02
 7.64802E+02	 4.81000E+02
 7.65200E+02	 4.82333E+02
 7.65598E+02	 4.81667E+02
 7.65996E+02	 4.82333E+02
 7.66394E+02	 4.81667E+02
 7.66792E+02	 4.81000E+02
 7.67190E+02	 4.85667E+02
 7.67588E+02	 4.80667E+02
 7.67986E+02	 4.85333E+02
 7.68384E+02	 4.80333E+02
 7.68781E+02	 4.83000E+02
 7.69179E+02	 4.82333E+02
 7.69577E+02	 4.82000E+02
 7.69974E+02	 4.82333E+02
 7.70372E+02	 4.82333E+02
 7.70770E+02	 4.82333E+02
 7.71167E+02	 4.81333E+02
 7.71564E+02	 4.82000E+02
 7.71962E+02	 4.79000E+02
 7.72359E+02	 4.82000E+02
 7.72756E+02	 4.83667E+02
 7.73154E+02	 4.81000E+02
 7.73551E+02	 4.81333E+02
 7.73948E+02	 4.80667E+02
 7.74345E+02	 4.82667E+02
 7.74742E+02	 4.82667E+02
 7.75139E+02	 4.82667E+02
 7.75536E+02	 4.85667E+02
 7.75933E+02	 4.81333E+02
 7.76330E+02	 4.81333E+02
 7.76727E+02	 4.83667E+02
 7.77123E+02	 4.83000E+02
 7.77520E+02	 4.81667E+02
 7.77917E+02	 4.81667E+02
 7.78313E+02	 4.81667E+02
 7.78710E+02	 4.82000E+02
 7.79106E+02	 4.80000E+02
 7.79503E+02	 4.83667E+02
 7.79899E+02	 4.85000E+02
 7.80296E+02	 4.81667E+02
 7.80692E+02	 4.84333E+02
 7.81088E+02	 4.84667E+02
 7.81485E+02	 4.83000E+02
 7.81881E+02	 4.80000E+02
 7.82277E+02	 4.84000E+02
 7.82673E+02	 4.82667E+02
 7.83069E+02	 4.82667E+02
 7.83465E+02	 4.83000E+02
 7.83861E+02	 4.82000E+02
 7.84257E+02	 4.83333E+02
 7.84653E+02	 4.83333E+02
 7.85049E+02	 4.82000E+02
 7.85444E+02	 4.81000E+02
 7.85840E+02	 4.89000E+02
 7.86236E+02	 4.82333E+02
 7.86631E+02	 4.84000E+02
 7.87027E+02	 4.80667E+02
 7.87423E+02	 4.83667E+02
 7.87818E+02	 4.83333E+02
 7.88214E+02	 4.81667E+02
 7.88609E+02	 4.82667E+02
 7.89004E+02	 4.81000E+02
 7.89400E+02	 4.85667E+02
 7.89795E+02	 4.83333E+02
 7.90190E+02	 4.83000E+02
 7.90585E+02	 4.84000E+02
 7.90980E+02	 4.84667E+02
 7.91375E+02	 4.80667E+02
 7.91770E+02	 4.83667E+02
 7.92165E+02	 4.83333E+02
 7.92560E+02	 4.84333E+02
 7.92955E+02	 4.83667E+02
 7.93350E+02	 4.85333E+02
 7.93745E+02	 4.85000E+02
 7.94139E+02	 4.83000E+02
 7.94534E+02	 4.83667E+02
 7.94929E+02	 4.84000E+02
 7.95323E+02	 4.84333E+02
 7.95718E+02	 4.84667E+02
 7.96112E+02	 4.82667E+02
 7.96507E+02	 4.84667E+02
 7.96901E+02	 4.84000E+02
 7.97296E+02	 4.86000E+02
 7.97690E+02	 4.85000E+02
 7.98084E+02	 4.85000E+02
 7.98478E+02	 4.83667E+02
 7.98873E+02	 4.88000E+02
 7.99267E+02	 4.87667E+02
 7.99661E+02	 4.86667E+02
 8.00055E+02	 4.88333E+02
 8.00449E+02	 4.85000E+02
 8.00843E+02	 4.87667E+02
 8.01237E+02	 4.86667E+02
 8.01630E+02	 4.89667E+02
 8.02024E+02	 4.88000E+02
 8.02418E+02	 4.88667E+02
 8.02812E+02	 4.86667E+02
 8.03205E+02	 4.85333E+02
 8.03599E+02	 4.87000E+02
 8.03993E+02	 4.86000E+02
 8.04386E+02	 4.82333E+02
 8.04780E+02	 4.87333E+02
 8.05173E+02	 4.86667E+02
 8.05566E+02	 4.84333E+02
 8.05960E+02	 4.85333E+02
 8.06353E+02	 4.87333E+02
 8.06746E+02	 4.84667E+02
 8.07139E+02	 4.85000E+02
 8.07532E+02	 4.87000E+02
 8.07926E+02	 4.84333E+02
 8.08319E+02	 4.83333E+02
 8.08712E+02	 4.85333E+02
 8.09105E+02	 4.85000E+02
 8.09497E+02	 4.85667E+02
 8.09890E+02	 4.84000E+02
 8.10283E+02	 4.81667E+02

