 9.24723E+01	 4.84000E+02
 9.29544E+01	 4.82000E+02
 9.34364E+01	 4.85667E+02
 9.39183E+01	 4.84000E+02
 9.44002E+01	 4.83333E+02
 9.48820E+01	 4.83667E+02
 9.53637E+01	 4.86000E+02
 9.58454E+01	 4.85333E+02
 9.63270E+01	 4.85333E+02
 9.68086E+01	 4.81667E+02
 9.72900E+01	 4.86333E+02
 9.77715E+01	 4.82667E+02
 9.82528E+01	 4.83333E+02
 9.87341E+01	 4.83333E+02
 9.92154E+01	 4.82667E+02
 9.96965E+01	 4.83667E+02
 1.00178E+02	 4.83333E+02
 1.00659E+02	 4.84667E+02
 1.01140E+02	 4.84333E+02
 1.01621E+02	 4.83667E+02
 1.02101E+02	 4.82333E+02
 1.02582E+02	 4.86667E+02
 1.03063E+02	 4.84667E+02
 1.03544E+02	 4.87667E+02
 1.04024E+02	 4.87333E+02
 1.04505E+02	 4.82333E+02
 1.04985E+02	 4.82333E+02
 1.05466E+02	 4.86667E+02
 1.05946E+02	 4.84000E+02
 1.06426E+02	 4.86667E+02
 1.06907E+02	 4.87000E+02
 1.07387E+02	 4.86333E+02
 1.07867E+02	 4.85000E+02
 1.08347E+02	 4.83000E+02
 1.08827E+02	 4.84000E+02
 1.09307E+02	 4.83333E+02
 1.09787E+02	 4.88000E+02
 1.10266E+02	 4.87333E+02
 1.10746E+02	 4.87000E+02
 1.11226E+02	 4.88000E+02
 1.11705E+02	 4.87667E+02
 1.12185E+02	 4.87000E+02
 1.12664E+02	 4.85667E+02
 1.13144E+02	 4.85000E+02
 1.13623E+02	 4.87667E+02
 1.14102E+02	 4.90667E+02
 1.14582E+02	 4.89000E+02
 1.15061E+02	 4.87333E+02
 1.15540E+02	 4.90000E+02
 1.16019E+02	 4.90000E+02
 1.16498E+02	 4.90000E+02
 1.16977E+02	 4.89667E+02
 1.17456E+02	 4.89333E+02
 1.17935E+02	 4.91000E+02
 1.18413E+02	 4.90000E+02
 1.18892E+02	 4.93000E+02
 1.19370E+02	 4.96000E+02
 1.19849E+02	 4.96667E+02
 1.20328E+02	 4.94333E+02
 1.20806E+02	 4.99667E+02
 1.21284E+02	 5.00667E+02
 1.21763E+02	 5.03000E+02
 1.22241E+02	 5.04667E+02
 1.22719E+02	 5.11333E+02
 1.23197E+02	 5.15333E+02
 1.23675E+02	 5.20667E+02
 1.24153E+02	 5.35000E+02
 1.24631E+02	 5.42000E+02
 1.25109E+02	 5.50333E+02
 1.25587E+02	 5.67000E+02
 1.26064E+02	 5.85667E+02
 1.26542E+02	 5.99667E+02
 1.27020E+02	 6.05667E+02
 1.27497E+02	 6.06000E+02
 1.27975E+02	 6.05000E+02
 1.28452E+02	 5.96667E+02
 1.28929E+02	 5.77000E+02
 1.29407E+02	 5.61000E+02
 1.29884E+02	 5.44667E+02
 1.30361E+02	 5.30667E+02
 1.30838E+02	 5.29333E+02
 1.31315E+02	 5.18667E+02
 1.31792E+02	 5.12333E+02
 1.32269E+02	 5.08333E+02
 1.32746E+02	 5.06000E+02
 1.33223E+02	 5.03000E+02
 1.33699E+02	 5.01333E+02
 1.34176E+02	 5.00667E+02
 1.34653E+02	 4.94667E+02
 1.35129E+02	 4.99333E+02
 1.35606E+02	 4.95667E+02
 1.36082E+02	 5.01333E+02
 1.36559E+02	 4.96000E+02
 1.37035E+02	 4.97333E+02
 1.37511E+02	 4.95667E+02
 1.37987E+02	 4.96333E+02
 1.38463E+02	 4.93667E+02
 1.38939E+02	 4.92333E+02
 1.39415E+02	 4.96667E+02
 1.39891E+02	 4.95667E+02
 1.40367E+02	 4.94667E+02
 1.40843E+02	 4.99667E+02
 1.41319E+02	 4.94000E+02
 1.41794E+02	 4.91333E+02
 1.42270E+02	 4.95667E+02
 1.42746E+02	 4.97667E+02
 1.43221E+02	 4.97333E+02
 1.43697E+02	 4.96000E+02
 1.44172E+02	 4.96333E+02
 1.44647E+02	 4.95667E+02
 1.45122E+02	 4.95333E+02
 1.45598E+02	 4.95667E+02
 1.46073E+02	 4.95667E+02
 1.46548E+02	 4.95667E+02
 1.47023E+02	 4.98000E+02
 1.47498E+02	 4.95667E+02
 1.47973E+02	 4.96000E+02
 1.48447E+02	 4.95333E+02
 1.48922E+02	 4.93667E+02
 1.49397E+02	 4.97000E+02
 1.49872E+02	 4.95333E+02
 1.50346E+02	 4.92667E+02
 1.50821E+02	 4.96667E+02
 1.51295E+02	 4.96667E+02
 1.51769E+02	 4.96667E+02
 1.52244E+02	 4.96667E+02
 1.52718E+02	 4.98667E+02
 1.53192E+02	 4.96333E+02
 1.53666E+02	 4.92000E+02
 1.54140E+02	 4.95000E+02
 1.54614E+02	 4.99000E+02
 1.55088E+02	 4.94667E+02
 1.55562E+02	 4.95000E+02
 1.56036E+02	 4.98667E+02
 1.56510E+02	 4.94333E+02
 1.56984E+02	 4.97667E+02
 1.57457E+02	 4.95667E+02
 1.57931E+02	 4.95333E+02
 1.58404E+02	 4.95000E+02
 1.58878E+02	 4.96000E+02
 1.59351E+02	 4.99333E+02
 1.59825E+02	 5.01000E+02
 1.60298E+02	 4.98667E+02
 1.60771E+02	 4.98000E+02
 1.61244E+02	 4.98667E+02
 1.61717E+02	 5.01667E+02
 1.62190E+02	 5.01000E+02
 1.62663E+02	 5.01000E+02
 1.63136E+02	 5.02000E+02
 1.63609E+02	 5.00333E+02
 1.64082E+02	 5.07667E+02
 1.64555E+02	 5.10333E+02
 1.65027E+02	 5.10333E+02
 1.65500E+02	 5.13000E+02
 1.65972E+02	 5.11000E+02
 1.66445E+02	 5.10667E+02
 1.66917E+02	 5.11333E+02
 1.67390E+02	 5.10333E+02
 1.67862E+02	 5.09667E+02
 1.68334E+02	 5.04667E+02
 1.68806E+02	 5.03667E+02
 1.69278E+02	 5.00000E+02
 1.69751E+02	 5.02000E+02
 1.70223E+02	 5.01667E+02
 1.70694E+02	 4.99333E+02
 1.71166E+02	 4.97000E+02
 1.71638E+02	 4.99667E+02
 1.72110E+02	 4.97667E+02
 1.72582E+02	 5.01333E+02
 1.73053E+02	 4.97333E+02
 1.73525E+02	 5.00000E+02
 1.73996E+02	 5.00333E+02
 1.74468E+02	 5.03000E+02
 1.74939E+02	 5.00667E+02
 1.75410E+02	 5.00333E+02
 1.75882E+02	 5.02667E+02
 1.76353E+02	 5.01333E+02
 1.76824E+02	 5.05333E+02
 1.77295E+02	 4.98000E+02
 1.77766E+02	 5.04333E+02
 1.78237E+02	 5.04333E+02
 1.78708E+02	 5.03000E+02
 1.79179E+02	 5.05667E+02
 1.79650E+02	 5.07667E+02
 1.80120E+02	 5.02667E+02
 1.80591E+02	 4.99333E+02
 1.81062E+02	 5.08667E+02
 1.81532E+02	 5.06333E+02
 1.82003E+02	 5.07667E+02
 1.82473E+02	 5.07667E+02
 1.82943E+02	 5.09667E+02
 1.83414E+02	 5.12667E+02
 1.83884E+02	 5.09333E+02
 1.84354E+02	 5.12333E+02
 1.84824E+02	 5.13333E+02
 1.85294E+02	 5.12333E+02
 1.85764E+02	 5.15333E+02
 1.86234E+02	 5.17000E+02
 1.86704E+02	 5.22000E+02
 1.87174E+02	 5.21000E+02
 1.87644E+02	 5.19333E+02
 1.88113E+02	 5.16333E+02
 1.88583E+02	 5.23333E+02
 1.89052E+02	 5.19000E+02
 1.89522E+02	 5.25333E+02
 1.89991E+02	 5.29000E+02
 1.90461E+02	 5.33667E+02
 1.90930E+02	 5.33333E+02
 1.91399E+02	 5.31000E+02
 1.91869E+02	 5.38000E+02
 1.92338E+02	 5.41333E+02
 1.92807E+02	 5.42333E+02
 1.93276E+02	 5.43667E+02
 1.93745E+02	 5.41667E+02
 1.94214E+02	 5.49333E+02
 1.94683E+02	 5.50333E+02
 1.95151E+02	 5.56667E+02
 1.95620E+02	 5.62667E+02
 1.96089E+02	 5.65667E+02
 1.96557E+02	 5.73333E+02
 1.97026E+02	 5.67333E+02
 1.97494E+02	 5.74333E+02
 1.97963E+02	 5.72000E+02
 1.98431E+02	 5.75000E+02
 1.98899E+02	 5.90667E+02
 1.99368E+02	 5.87000E+02
 1.99836E+02	 5.90333E+02
 2.00304E+02	 5.89667E+02
 2.00772E+02	 5.98333E+02
 2.01240E+02	 6.00667E+02
 2.01708E+02	 6.01000E+02
 2.02176E+02	 6.09667E+02
 2.02644E+02	 6.04667E+02
 2.03111E+02	 6.13333E+02
 2.03579E+02	 6.18667E+02
 2.04047E+02	 6.14667E+02
 2.04514E+02	 6.22333E+02
 2.04982E+02	 6.23333E+02
 2.05449E+02	 6.16000E+02
 2.05917E+02	 6.17667E+02
 2.06384E+02	 6.31667E+02
 2.06851E+02	 6.21000E+02
 2.07319E+02	 6.16667E+02
 2.07786E+02	 6.23667E+02
 2.08253E+02	 6.16000E+02
 2.08720E+02	 6.20333E+02
 2.09187E+02	 6.08667E+02
 2.09654E+02	 6.06667E+02
 2.10121E+02	 6.14333E+02
 2.10587E+02	 6.11667E+02
 2.11054E+02	 6.11333E+02
 2.11521E+02	 6.01667E+02
 2.11987E+02	 5.98667E+02
 2.12454E+02	 5.98000E+02
 2.12920E+02	 5.97000E+02
 2.13387E+02	 5.87667E+02
 2.13853E+02	 5.90000E+02
 2.14320E+02	 5.95333E+02
 2.14786E+02	 5.85000E+02
 2.15252E+02	 5.73667E+02
 2.15718E+02	 5.76667E+02
 2.16184E+02	 5.68000E+02
 2.16650E+02	 5.69000E+02
 2.17116E+02	 5.61333E+02
 2.17582E+02	 5.74333E+02
 2.18048E+02	 5.61667E+02
 2.18514E+02	 5.62000E+02
 2.18980E+02	 5.59000E+02
 2.19445E+02	 5.62333E+02
 2.19911E+02	 5.54333E+02
 2.20376E+02	 5.49000E+02
 2.20842E+02	 5.44000E+02
 2.21307E+02	 5.48000E+02
 2.21773E+02	 5.40667E+02
 2.22238E+02	 5.35667E+02
 2.22703E+02	 5.37333E+02
 2.23168E+02	 5.35000E+02
 2.23633E+02	 5.33667E+02
 2.24099E+02	 5.31000E+02
 2.24564E+02	 5.28000E+02
 2.25029E+02	 5.30333E+02
 2.25493E+02	 5.27000E+02
 2.25958E+02	 5.32000E+02
 2.26423E+02	 5.20333E+02
 2.26888E+02	 5.22000E+02
 2.27352E+02	 5.21667E+02
 2.27817E+02	 5.20333E+02
 2.28281E+02	 5.22000E+02
 2.28746E+02	 5.20000E+02
 2.29210E+02	 5.18000E+02
 2.29675E+02	 5.20000E+02
 2.30139E+02	 5.18000E+02
 2.30603E+02	 5.14000E+02
 2.31067E+02	 5.15667E+02
 2.31532E+02	 5.15333E+02
 2.31996E+02	 5.14000E+02
 2.32460E+02	 5.14333E+02
 2.32924E+02	 5.13667E+02
 2.33387E+02	 5.09333E+02
 2.33851E+02	 5.10333E+02
 2.34315E+02	 5.09667E+02
 2.34779E+02	 5.04333E+02
 2.35242E+02	 5.11333E+02
 2.35706E+02	 5.10333E+02
 2.36169E+02	 5.05667E+02
 2.36633E+02	 5.05000E+02
 2.37096E+02	 5.05333E+02
 2.37560E+02	 5.08000E+02
 2.38023E+02	 5.07333E+02
 2.38486E+02	 5.07000E+02
 2.38949E+02	 5.06667E+02
 2.39412E+02	 5.04333E+02
 2.39876E+02	 4.98000E+02
 2.40339E+02	 5.03333E+02
 2.40801E+02	 4.99000E+02
 2.41264E+02	 5.05667E+02
 2.41727E+02	 5.05333E+02
 2.42190E+02	 5.03333E+02
 2.42653E+02	 5.02667E+02
 2.43115E+02	 5.04000E+02
 2.43578E+02	 5.00000E+02
 2.44040E+02	 4.99667E+02
 2.44503E+02	 4.98333E+02
 2.44965E+02	 5.01333E+02
 2.45428E+02	 5.00667E+02
 2.45890E+02	 4.97333E+02
 2.46352E+02	 4.95000E+02
 2.46814E+02	 4.99667E+02
 2.47276E+02	 5.01000E+02
 2.47738E+02	 4.97333E+02
 2.48200E+02	 5.00000E+02
 2.48662E+02	 4.96333E+02
 2.49124E+02	 5.00667E+02
 2.49586E+02	 5.00000E+02
 2.50048E+02	 4.97333E+02
 2.50509E+02	 4.97333E+02
 2.50971E+02	 4.96000E+02
 2.51433E+02	 4.97000E+02
 2.51894E+02	 4.97000E+02
 2.52356E+02	 4.95333E+02
 2.52817E+02	 4.98000E+02
 2.53278E+02	 5.02667E+02
 2.53740E+02	 4.98667E+02
 2.54201E+02	 4.98667E+02
 2.54662E+02	 4.98000E+02
 2.55123E+02	 4.98000E+02
 2.55584E+02	 4.99667E+02
 2.56045E+02	 5.02333E+02
 2.56506E+02	 4.99333E+02
 2.56967E+02	 4.97667E+02
 2.57428E+02	 4.99333E+02
 2.57889E+02	 4.97000E+02
 2.58349E+02	 5.00333E+02
 2.58810E+02	 5.02667E+02
 2.59270E+02	 5.03667E+02
 2.59731E+02	 5.04000E+02
 2.60191E+02	 5.05667E+02
 2.60652E+02	 5.08000E+02
 2.61112E+02	 5.08333E+02
 2.61572E+02	 5.12000E+02
 2.62033E+02	 5.22667E+02
 2.62493E+02	 5.28333E+02
 2.62953E+02	 5.38667E+02
 2.63413E+02	 5.40000E+02
 2.63873E+02	 5.42000E+02
 2.64333E+02	 5.34000E+02
 2.64793E+02	 5.28333E+02
 2.65253E+02	 5.27667E+02
 2.65712E+02	 5.14667E+02
 2.66172E+02	 5.18000E+02
 2.66632E+02	 5.11000E+02
 2.67091E+02	 5.04667E+02
 2.67551E+02	 5.05333E+02
 2.68010E+02	 4.98000E+02
 2.68470E+02	 4.99333E+02
 2.68929E+02	 4.94667E+02
 2.69388E+02	 4.96667E+02
 2.69848E+02	 4.95333E+02
 2.70307E+02	 4.96000E+02
 2.70766E+02	 4.93333E+02
 2.71225E+02	 4.96000E+02
 2.71684E+02	 4.92000E+02
 2.72143E+02	 4.96667E+02
 2.72602E+02	 4.90667E+02
 2.73061E+02	 4.91000E+02
 2.73519E+02	 4.93000E+02
 2.73978E+02	 4.92000E+02
 2.74437E+02	 4.89667E+02
 2.74895E+02	 4.91667E+02
 2.75354E+02	 4.89667E+02
 2.75812E+02	 4.91000E+02
 2.76271E+02	 4.90667E+02
 2.76729E+02	 4.90667E+02
 2.77187E+02	 4.89333E+02
 2.77646E+02	 4.91667E+02
 2.78104E+02	 4.90667E+02
 2.78562E+02	 4.90667E+02
 2.79020E+02	 4.89667E+02
 2.79478E+02	 4.89000E+02
 2.79936E+02	 4.92333E+02
 2.80394E+02	 4.88000E+02
 2.80852E+02	 4.89000E+02
 2.81309E+02	 4.85667E+02
 2.81767E+02	 4.89333E+02
 2.82225E+02	 4.89000E+02
 2.82682E+02	 4.87667E+02
 2.83140E+02	 4.87000E+02
 2.83597E+02	 4.88000E+02
 2.84055E+02	 4.90333E+02
 2.84512E+02	 4.92667E+02
 2.84970E+02	 4.94333E+02
 2.85427E+02	 4.90333E+02
 2.85884E+02	 4.87667E+02
 2.86341E+02	 4.89333E+02
 2.86798E+02	 4.90000E+02
 2.87255E+02	 4.88333E+02
 2.87712E+02	 4.92000E+02
 2.88169E+02	 4.87000E+02
 2.88626E+02	 4.87333E+02
 2.89083E+02	 4.90667E+02
 2.89540E+02	 4.88000E+02
 2.89996E+02	 4.91333E+02
 2.90453E+02	 4.88333E+02
 2.90909E+02	 4.88000E+02
 2.91366E+02	 4.88667E+02
 2.91822E+02	 4.90000E+02
 2.92279E+02	 4.87000E+02
 2.92735E+02	 4.85667E+02
 2.93191E+02	 4.87333E+02
 2.93648E+02	 4.87000E+02
 2.94104E+02	 4.88333E+02
 2.94560E+02	 4.89667E+02
 2.95016E+02	 4.91333E+02
 2.95472E+02	 4.90333E+02
 2.95928E+02	 4.84000E+02
 2.96384E+02	 4.88667E+02
 2.96839E+02	 4.87000E+02
 2.97295E+02	 4.89667E+02
 2.97751E+02	 4.90333E+02
 2.98206E+02	 4.88000E+02
 2.98662E+02	 4.89333E+02
 2.99118E+02	 4.87000E+02
 2.99573E+02	 4.90667E+02
 3.00028E+02	 4.90333E+02
 3.00484E+02	 4.88333E+02
 3.00939E+02	 4.88333E+02
 3.01394E+02	 4.87000E+02
 3.01849E+02	 4.88667E+02
 3.02305E+02	 4.94000E+02
 3.02760E+02	 4.89333E+02
 3.03215E+02	 4.86667E+02
 3.03670E+02	 4.89667E+02
 3.04124E+02	 4.90333E+02
 3.04579E+02	 4.87000E+02
 3.05034E+02	 4.88667E+02
 3.05489E+02	 4.91000E+02
 3.05943E+02	 4.87667E+02
 3.06398E+02	 4.86333E+02
 3.06853E+02	 4.92333E+02
 3.07307E+02	 4.94000E+02
 3.07762E+02	 4.91333E+02
 3.08216E+02	 4.90333E+02
 3.08670E+02	 4.91333E+02
 3.09124E+02	 4.87000E+02
 3.09579E+02	 4.92000E+02
 3.10033E+02	 4.88000E+02
 3.10487E+02	 4.91667E+02
 3.10941E+02	 4.91000E+02
 3.11395E+02	 4.91333E+02
 3.11849E+02	 4.91333E+02
 3.12303E+02	 4.92000E+02
 3.12756E+02	 4.92333E+02
 3.13210E+02	 4.89333E+02
 3.13664E+02	 4.93000E+02
 3.14117E+02	 4.94667E+02
 3.14571E+02	 4.93000E+02
 3.15025E+02	 4.96333E+02
 3.15478E+02	 4.94333E+02
 3.15931E+02	 4.95667E+02
 3.16385E+02	 4.97333E+02
 3.16838E+02	 4.93667E+02
 3.17291E+02	 4.95000E+02
 3.17744E+02	 4.95000E+02
 3.18197E+02	 4.95333E+02
 3.18651E+02	 4.99000E+02
 3.19104E+02	 4.91333E+02
 3.19556E+02	 5.01000E+02
 3.20009E+02	 4.97333E+02
 3.20462E+02	 4.97333E+02
 3.20915E+02	 4.96333E+02
 3.21368E+02	 4.96333E+02
 3.21820E+02	 4.98667E+02
 3.22273E+02	 5.01667E+02
 3.22725E+02	 4.99667E+02
 3.23178E+02	 4.97667E+02
 3.23630E+02	 4.97667E+02
 3.24083E+02	 5.00000E+02
 3.24535E+02	 5.01667E+02
 3.24987E+02	 5.01000E+02
 3.25439E+02	 4.97000E+02
 3.25892E+02	 5.02000E+02
 3.26344E+02	 5.07333E+02
 3.26796E+02	 5.03667E+02
 3.27248E+02	 5.03000E+02
 3.27700E+02	 5.06000E+02
 3.28151E+02	 5.01667E+02
 3.28603E+02	 5.06000E+02
 3.29055E+02	 5.01667E+02
 3.29507E+02	 5.06000E+02
 3.29958E+02	 5.10333E+02
 3.30410E+02	 5.07333E+02
 3.30861E+02	 5.06667E+02
 3.31313E+02	 5.04667E+02
 3.31764E+02	 5.06667E+02
 3.32216E+02	 5.05333E+02
 3.32667E+02	 5.08667E+02
 3.33118E+02	 5.05000E+02
 3.33569E+02	 5.08000E+02
 3.34020E+02	 5.05667E+02
 3.34471E+02	 5.08667E+02
 3.34922E+02	 5.05333E+02
 3.35373E+02	 5.09667E+02
 3.35824E+02	 5.05000E+02
 3.36275E+02	 5.09000E+02
 3.36726E+02	 5.12333E+02
 3.37176E+02	 5.11667E+02
 3.37627E+02	 5.10333E+02
 3.38078E+02	 5.10333E+02
 3.38528E+02	 5.19667E+02
 3.38979E+02	 5.15000E+02
 3.39429E+02	 5.18667E+02
 3.39880E+02	 5.19000E+02
 3.40330E+02	 5.16000E+02
 3.40780E+02	 5.17667E+02
 3.41230E+02	 5.19000E+02
 3.41681E+02	 5.22667E+02
 3.42131E+02	 5.26000E+02
 3.42581E+02	 5.25000E+02
 3.43031E+02	 5.32000E+02
 3.43481E+02	 5.33333E+02
 3.43930E+02	 5.37000E+02
 3.44380E+02	 5.37667E+02
 3.44830E+02	 5.38667E+02
 3.45280E+02	 5.47333E+02
 3.45729E+02	 5.54333E+02
 3.46179E+02	 5.51667E+02
 3.46628E+02	 5.60667E+02
 3.47078E+02	 5.53667E+02
 3.47527E+02	 5.56333E+02
 3.47977E+02	 5.61333E+02
 3.48426E+02	 5.61333E+02
 3.48875E+02	 5.66000E+02
 3.49324E+02	 5.68333E+02
 3.49773E+02	 5.68667E+02
 3.50223E+02	 5.67667E+02
 3.50672E+02	 5.69667E+02
 3.51121E+02	 5.64667E+02
 3.51569E+02	 5.74333E+02
 3.52018E+02	 5.63000E+02
 3.52467E+02	 5.70000E+02
 3.52916E+02	 5.70667E+02
 3.53364E+02	 5.66667E+02
 3.53813E+02	 5.77667E+02
 3.54262E+02	 5.77333E+02
 3.54710E+02	 5.74000E+02
 3.55159E+02	 5.73667E+02
 3.55607E+02	 5.76000E+02
 3.56055E+02	 5.61000E+02
 3.56504E+02	 5.47667E+02
 3.56952E+02	 5.47333E+02
 3.57400E+02	 5.40667E+02
 3.57848E+02	 5.35000E+02
 3.58296E+02	 5.35333E+02
 3.58744E+02	 5.35000E+02
 3.59192E+02	 5.23667E+02
 3.59640E+02	 5.34000E+02
 3.60088E+02	 5.24333E+02
 3.60536E+02	 5.21333E+02
 3.60983E+02	 5.25333E+02
 3.61431E+02	 5.22000E+02
 3.61879E+02	 5.28000E+02
 3.62326E+02	 5.19667E+02
 3.62774E+02	 5.21333E+02
 3.63221E+02	 5.19667E+02
 3.63668E+02	 5.17000E+02
 3.64116E+02	 5.24667E+02
 3.64563E+02	 5.20667E+02
 3.65010E+02	 5.20333E+02
 3.65457E+02	 5.25000E+02
 3.65905E+02	 5.22333E+02
 3.66352E+02	 5.17667E+02
 3.66799E+02	 5.20333E+02
 3.67246E+02	 5.22000E+02
 3.67692E+02	 5.21667E+02
 3.68139E+02	 5.24333E+02
 3.68586E+02	 5.26333E+02
 3.69033E+02	 5.23333E+02
 3.69479E+02	 5.27000E+02
 3.69926E+02	 5.18333E+02
 3.70372E+02	 5.17333E+02
 3.70819E+02	 5.21333E+02
 3.71265E+02	 5.22333E+02
 3.71712E+02	 5.24333E+02
 3.72158E+02	 5.19000E+02
 3.72604E+02	 5.23667E+02
 3.73051E+02	 5.17333E+02
 3.73497E+02	 5.19333E+02
 3.73943E+02	 5.18000E+02
 3.74389E+02	 5.18667E+02
 3.74835E+02	 5.15333E+02
 3.75281E+02	 5.14000E+02
 3.75727E+02	 5.18667E+02
 3.76172E+02	 5.14667E+02
 3.76618E+02	 5.20667E+02
 3.77064E+02	 5.16667E+02
 3.77510E+02	 5.13000E+02
 3.77955E+02	 5.11000E+02
 3.78401E+02	 5.14000E+02
 3.78846E+02	 5.09000E+02
 3.79292E+02	 5.15333E+02
 3.79737E+02	 5.13000E+02
 3.80182E+02	 5.08667E+02
 3.80627E+02	 5.07333E+02
 3.81073E+02	 5.15333E+02
 3.81518E+02	 5.07667E+02
 3.81963E+02	 5.07000E+02
 3.82408E+02	 5.06333E+02
 3.82853E+02	 5.08000E+02
 3.83298E+02	 5.04333E+02
 3.83743E+02	 5.07667E+02
 3.84187E+02	 5.00333E+02
 3.84632E+02	 5.08000E+02
 3.85077E+02	 5.05000E+02
 3.85522E+02	 5.00000E+02
 3.85966E+02	 5.05333E+02
 3.86411E+02	 5.01333E+02
 3.86855E+02	 5.01000E+02
 3.87300E+02	 5.04667E+02
 3.87744E+02	 4.99333E+02
 3.88188E+02	 4.96333E+02
 3.88633E+02	 4.98000E+02
 3.89077E+02	 5.02333E+02
 3.89521E+02	 4.97333E+02
 3.89965E+02	 4.96333E+02
 3.90409E+02	 4.98000E+02
 3.90853E+02	 5.00000E+02
 3.91297E+02	 4.98333E+02
 3.91741E+02	 5.01000E+02
 3.92185E+02	 5.01667E+02
 3.92628E+02	 5.05000E+02
 3.93072E+02	 5.03000E+02
 3.93516E+02	 5.00333E+02
 3.93959E+02	 4.99333E+02
 3.94403E+02	 4.98667E+02
 3.94846E+02	 4.96667E+02
 3.95290E+02	 4.94667E+02
 3.95733E+02	 4.91333E+02
 3.96176E+02	 4.97333E+02
 3.96620E+02	 4.94000E+02
 3.97063E+02	 4.91667E+02
 3.97506E+02	 4.91667E+02
 3.97949E+02	 4.94000E+02
 3.98392E+02	 4.95000E+02
 3.98835E+02	 4.91667E+02
 3.99278E+02	 4.90333E+02
 3.99721E+02	 4.92667E+02
 4.00164E+02	 4.95000E+02
 4.00606E+02	 4.93333E+02
 4.01049E+02	 4.95000E+02
 4.01492E+02	 4.94667E+02
 4.01934E+02	 4.95333E+02
 4.02377E+02	 4.94667E+02
 4.02819E+02	 4.97667E+02
 4.03262E+02	 4.93667E+02
 4.03704E+02	 4.93667E+02
 4.04146E+02	 4.94000E+02
 4.04589E+02	 4.90000E+02
 4.05031E+02	 4.89667E+02
 4.05473E+02	 4.93000E+02
 4.05915E+02	 4.87667E+02
 4.06357E+02	 4.87333E+02
 4.06799E+02	 4.90667E+02
 4.07241E+02	 4.87000E+02
 4.07683E+02	 4.89667E+02
 4.08125E+02	 4.86333E+02
 4.08566E+02	 4.83333E+02
 4.09008E+02	 4.86000E+02
 4.09450E+02	 4.89333E+02
 4.09891E+02	 4.86000E+02
 4.10333E+02	 4.90000E+02
 4.10774E+02	 4.89333E+02
 4.11216E+02	 4.87333E+02
 4.11657E+02	 4.87333E+02
 4.12099E+02	 4.86667E+02
 4.12540E+02	 4.84333E+02
 4.12981E+02	 4.83333E+02
 4.13422E+02	 4.86667E+02
 4.13863E+02	 4.90667E+02
 4.14304E+02	 4.85000E+02
 4.14745E+02	 4.89333E+02
 4.15186E+02	 4.89333E+02
 4.15627E+02	 4.87333E+02
 4.16068E+02	 4.83333E+02
 4.16509E+02	 4.89667E+02
 4.16949E+02	 4.88333E+02
 4.17390E+02	 4.88333E+02
 4.17831E+02	 4.86333E+02
 4.18271E+02	 4.86333E+02
 4.18712E+02	 4.84333E+02
 4.19152E+02	 4.87000E+02
 4.19593E+02	 4.86667E+02
 4.20033E+02	 4.83667E+02
 4.20473E+02	 4.88667E+02
 4.20913E+02	 4.85667E+02
 4.21354E+02	 4.88000E+02
 4.21794E+02	 4.85000E+02
 4.22234E+02	 4.86667E+02
 4.22674E+02	 4.87333E+02
 4.23114E+02	 4.85000E+02
 4.23554E+02	 4.87333E+02
 4.23993E+02	 4.84000E+02
 4.24433E+02	 4.88333E+02
 4.24873E+02	 4.89333E+02
 4.25313E+02	 4.88333E+02
 4.25752E+02	 4.84667E+02
 4.26192E+02	 4.91000E+02
 4.26631E+02	 4.87667E+02
 4.27071E+02	 4.85667E+02
 4.27510E+02	 4.84667E+02
 4.27949E+02	 4.88000E+02
 4.28389E+02	 4.86667E+02
 4.28828E+02	 4.86667E+02
 4.29267E+02	 4.89000E+02
 4.29706E+02	 4.87000E+02
 4.30145E+02	 4.88333E+02
 4.30584E+02	 4.86667E+02
 4.31023E+02	 4.84667E+02
 4.31462E+02	 4.86000E+02
 4.31901E+02	 4.87333E+02
 4.32340E+02	 4.86000E+02
 4.32779E+02	 4.90667E+02
 4.33217E+02	 4.87667E+02
 4.33656E+02	 4.85667E+02
 4.34094E+02	 4.90333E+02
 4.34533E+02	 4.88000E+02
 4.34971E+02	 4.86000E+02
 4.35410E+02	 4.89000E+02
 4.35848E+02	 4.89667E+02
 4.36286E+02	 4.87333E+02
 4.36725E+02	 4.89333E+02
 4.37163E+02	 4.89333E+02
 4.37601E+02	 4.91667E+02
 4.38039E+02	 4.88333E+02
 4.38477E+02	 4.88000E+02
 4.38915E+02	 4.94000E+02
 4.39353E+02	 4.94000E+02
 4.39791E+02	 4.93000E+02
 4.40229E+02	 4.90000E+02
 4.40667E+02	 4.96333E+02
 4.41104E+02	 4.93333E+02
 4.41542E+02	 4.92667E+02
 4.41979E+02	 4.94667E+02
 4.42417E+02	 4.96000E+02
 4.42854E+02	 4.96000E+02
 4.43292E+02	 4.96000E+02
 4.43729E+02	 4.97000E+02
 4.44167E+02	 4.99667E+02
 4.44604E+02	 5.02667E+02
 4.45041E+02	 5.00000E+02
 4.45478E+02	 5.03000E+02
 4.45915E+02	 5.05333E+02
 4.46352E+02	 5.07667E+02
 4.46789E+02	 5.10000E+02
 4.47226E+02	 5.14000E+02
 4.47663E+02	 5.15000E+02
 4.48100E+02	 5.18667E+02
 4.48537E+02	 5.22333E+02
 4.48974E+02	 5.27000E+02
 4.49410E+02	 5.30333E+02
 4.49847E+02	 5.35000E+02
 4.50283E+02	 5.35000E+02
 4.50720E+02	 5.29333E+02
 4.51156E+02	 5.34667E+02
 4.51593E+02	 5.35333E+02
 4.52029E+02	 5.32000E+02
 4.52465E+02	 5.36333E+02
 4.52902E+02	 5.34000E+02
 4.53338E+02	 5.40333E+02
 4.53774E+02	 5.49333E+02
 4.54210E+02	 5.41000E+02
 4.54646E+02	 5.59000E+02
 4.55082E+02	 5.55000E+02
 4.55518E+02	 5.66667E+02
 4.55954E+02	 5.74000E+02
 4.56390E+02	 5.83667E+02
 4.56825E+02	 5.90000E+02
 4.57261E+02	 6.01667E+02
 4.57697E+02	 6.26333E+02
 4.58132E+02	 6.35333E+02
 4.58568E+02	 6.42333E+02
 4.59003E+02	 6.73667E+02
 4.59439E+02	 6.86000E+02
 4.59874E+02	 7.17333E+02
 4.60309E+02	 7.50000E+02
 4.60745E+02	 7.93000E+02
 4.61180E+02	 8.25667E+02
 4.61615E+02	 8.85333E+02
 4.62050E+02	 9.32667E+02
 4.62485E+02	 9.81667E+02
 4.62920E+02	 1.02200E+03
 4.63355E+02	 1.06267E+03
 4.63790E+02	 1.10567E+03
 4.64225E+02	 1.12033E+03
 4.64660E+02	 1.09467E+03
 4.65094E+02	 1.10600E+03
 4.65529E+02	 1.05200E+03
 4.65964E+02	 1.02100E+03
 4.66398E+02	 9.69333E+02
 4.66833E+02	 9.24667E+02
 4.67267E+02	 8.95000E+02
 4.67701E+02	 8.35333E+02
 4.68136E+02	 7.92000E+02
 4.68570E+02	 7.78333E+02
 4.69004E+02	 7.46333E+02
 4.69439E+02	 7.20000E+02
 4.69873E+02	 6.86000E+02
 4.70307E+02	 6.74000E+02
 4.70741E+02	 6.56000E+02
 4.71175E+02	 6.49333E+02
 4.71609E+02	 6.25667E+02
 4.72043E+02	 6.12667E+02
 4.72476E+02	 6.06000E+02
 4.72910E+02	 5.96000E+02
 4.73344E+02	 5.84333E+02
 4.73777E+02	 5.82000E+02
 4.74211E+02	 5.78667E+02
 4.74645E+02	 5.69667E+02
 4.75078E+02	 5.64333E+02
 4.75511E+02	 5.64667E+02
 4.75945E+02	 5.64333E+02
 4.76378E+02	 5.59667E+02
 4.76811E+02	 5.52000E+02
 4.77245E+02	 5.50000E+02
 4.77678E+02	 5.47667E+02
 4.78111E+02	 5.41333E+02
 4.78544E+02	 5.41333E+02
 4.78977E+02	 5.43000E+02
 4.79410E+02	 5.37000E+02
 4.79843E+02	 5.31333E+02
 4.80276E+02	 5.32000E+02
 4.80708E+02	 5.32000E+02
 4.81141E+02	 5.36333E+02
 4.81574E+02	 5.27000E+02
 4.82006E+02	 5.23333E+02
 4.82439E+02	 5.27333E+02
 4.82872E+02	 5.25667E+02
 4.83304E+02	 5.29000E+02
 4.83736E+02	 5.21667E+02
 4.84169E+02	 5.13667E+02
 4.84601E+02	 5.17667E+02
 4.85033E+02	 5.11667E+02
 4.85466E+02	 5.18333E+02
 4.85898E+02	 5.13333E+02
 4.86330E+02	 5.11667E+02
 4.86762E+02	 5.12667E+02
 4.87194E+02	 5.12333E+02
 4.87626E+02	 5.16000E+02
 4.88058E+02	 5.06000E+02
 4.88489E+02	 5.16333E+02
 4.88921E+02	 5.13000E+02
 4.89353E+02	 5.06667E+02
 4.89785E+02	 5.08333E+02
 4.90216E+02	 5.00333E+02
 4.90648E+02	 5.07333E+02
 4.91079E+02	 5.06333E+02
 4.91511E+02	 5.08667E+02
 4.91942E+02	 5.04333E+02
 4.92373E+02	 5.05000E+02
 4.92805E+02	 5.01333E+02
 4.93236E+02	 5.02000E+02
 4.93667E+02	 5.04333E+02
 4.94098E+02	 5.05000E+02
 4.94529E+02	 5.06667E+02
 4.94960E+02	 5.02333E+02
 4.95391E+02	 5.04000E+02
 4.95822E+02	 5.02000E+02
 4.96253E+02	 5.02333E+02
 4.96684E+02	 5.05667E+02
 4.97115E+02	 5.06333E+02
 4.97545E+02	 5.06667E+02
 4.97976E+02	 5.06000E+02
 4.98407E+02	 5.10333E+02
 4.98837E+02	 5.03000E+02
 4.99268E+02	 5.11000E+02
 4.99698E+02	 5.06000E+02
 5.00129E+02	 5.09000E+02
 5.00559E+02	 5.13333E+02
 5.00989E+02	 5.08333E+02
 5.01419E+02	 5.06000E+02
 5.01850E+02	 5.05333E+02
 5.02280E+02	 5.05333E+02
 5.02710E+02	 5.06000E+02
 5.03140E+02	 5.08000E+02
 5.03570E+02	 5.02667E+02
 5.04000E+02	 4.99667E+02
 5.04429E+02	 4.99667E+02
 5.04859E+02	 5.01667E+02
 5.05289E+02	 5.00000E+02
 5.05719E+02	 4.96000E+02
 5.06148E+02	 4.93000E+02
 5.06578E+02	 4.97333E+02
 5.07007E+02	 4.96667E+02
 5.07437E+02	 4.97333E+02
 5.07866E+02	 4.97667E+02
 5.08296E+02	 4.96333E+02
 5.08725E+02	 4.93333E+02
 5.09154E+02	 4.94333E+02
 5.09584E+02	 4.95333E+02
 5.10013E+02	 4.94667E+02
 5.10442E+02	 4.91667E+02
 5.10871E+02	 4.98000E+02
 5.11300E+02	 4.94667E+02
 5.11729E+02	 4.92000E+02
 5.12158E+02	 4.95667E+02
 5.12587E+02	 4.96000E+02
 5.13015E+02	 4.93667E+02
 5.13444E+02	 4.98333E+02
 5.13873E+02	 4.95000E+02
 5.14301E+02	 4.96333E+02
 5.14730E+02	 4.94000E+02
 5.15159E+02	 4.93667E+02
 5.15587E+02	 4.94667E+02
 5.16015E+02	 4.96667E+02
 5.16444E+02	 4.95667E+02
 5.16872E+02	 4.99000E+02
 5.17300E+02	 4.95667E+02
 5.17729E+02	 4.95333E+02
 5.18157E+02	 4.96333E+02
 5.18585E+02	 4.97333E+02
 5.19013E+02	 4.94667E+02
 5.19441E+02	 4.95000E+02
 5.19869E+02	 4.94667E+02
 5.20297E+02	 4.94333E+02
 5.20725E+02	 4.96667E+02
 5.21152E+02	 4.96667E+02
 5.21580E+02	 4.94667E+02
 5.22008E+02	 4.94667E+02
 5.22435E+02	 4.95333E+02
 5.22863E+02	 4.90333E+02
 5.23291E+02	 4.89667E+02
 5.23718E+02	 4.95000E+02
 5.24145E+02	 4.95000E+02
 5.24573E+02	 4.95000E+02
 5.25000E+02	 4.93000E+02
 5.25427E+02	 4.92667E+02
 5.25855E+02	 4.91667E+02
 5.26282E+02	 4.89333E+02
 5.26709E+02	 4.93333E+02
 5.27136E+02	 4.91000E+02
 5.27563E+02	 4.94667E+02
 5.27990E+02	 4.91333E+02
 5.28417E+02	 4.90667E+02
 5.28844E+02	 4.89667E+02
 5.29270E+02	 4.90333E+02
 5.29697E+02	 4.95000E+02
 5.30124E+02	 4.91667E+02
 5.30550E+02	 4.91667E+02
 5.30977E+02	 4.91667E+02
 5.31404E+02	 4.89000E+02
 5.31830E+02	 4.86333E+02
 5.32256E+02	 4.91000E+02
 5.32683E+02	 4.87667E+02
 5.33109E+02	 4.92667E+02
 5.33535E+02	 4.91000E+02
 5.33962E+02	 4.90000E+02
 5.34388E+02	 4.89000E+02
 5.34814E+02	 4.89667E+02
 5.35240E+02	 4.87333E+02
 5.35666E+02	 4.92000E+02
 5.36092E+02	 4.91000E+02
 5.36518E+02	 4.89667E+02
 5.36944E+02	 4.93000E+02
 5.37369E+02	 4.90667E+02
 5.37795E+02	 4.92333E+02
 5.38221E+02	 4.94333E+02
 5.38646E+02	 4.91333E+02
 5.39072E+02	 4.90333E+02
 5.39498E+02	 4.91333E+02
 5.39923E+02	 4.90333E+02
 5.40349E+02	 4.90667E+02
 5.40774E+02	 4.88333E+02
 5.41199E+02	 4.92333E+02
 5.41624E+02	 4.91333E+02
 5.42050E+02	 4.89000E+02
 5.42475E+02	 4.97333E+02
 5.42900E+02	 4.92000E+02
 5.43325E+02	 4.91000E+02
 5.43750E+02	 4.95000E+02
 5.44175E+02	 4.95667E+02
 5.44600E+02	 4.91667E+02
 5.45025E+02	 4.96000E+02
 5.45450E+02	 4.94667E+02
 5.45874E+02	 4.95000E+02
 5.46299E+02	 4.95333E+02
 5.46724E+02	 4.93333E+02
 5.47148E+02	 4.96000E+02
 5.47573E+02	 4.98333E+02
 5.47997E+02	 4.98000E+02
 5.48422E+02	 4.95333E+02
 5.48846E+02	 5.01333E+02
 5.49270E+02	 5.00333E+02
 5.49695E+02	 5.04333E+02
 5.50119E+02	 5.01667E+02
 5.50543E+02	 5.05000E+02
 5.50967E+02	 5.04333E+02
 5.51391E+02	 5.06667E+02
 5.51815E+02	 5.11333E+02
 5.52239E+02	 5.11333E+02
 5.52663E+02	 5.09000E+02
 5.53087E+02	 5.07333E+02
 5.53511E+02	 5.08333E+02
 5.53935E+02	 5.10000E+02
 5.54358E+02	 5.07000E+02
 5.54782E+02	 5.10667E+02
 5.55206E+02	 5.08333E+02
 5.55629E+02	 5.03333E+02
 5.56053E+02	 5.05667E+02
 5.56476E+02	 5.07667E+02
 5.56899E+02	 5.04333E+02
 5.57323E+02	 5.02667E+02
 5.57746E+02	 5.01333E+02
 5.58169E+02	 4.99667E+02
 5.58593E+02	 4.94333E+02
 5.59016E+02	 4.93667E+02
 5.59439E+02	 4.98667E+02
 5.59862E+02	 4.97000E+02
 5.60285E+02	 4.92667E+02
 5.60708E+02	 4.94667E+02
 5.61131E+02	 4.92000E+02
 5.61553E+02	 4.93333E+02
 5.61976E+02	 4.94000E+02
 5.62399E+02	 4.91000E+02
 5.62822E+02	 4.89667E+02
 5.63244E+02	 4.91333E+02
 5.63667E+02	 4.88333E+02
 5.64089E+02	 4.89667E+02
 5.64512E+02	 4.91000E+02
 5.64934E+02	 4.86000E+02
 5.65356E+02	 4.88000E+02
 5.65779E+02	 4.88000E+02
 5.66201E+02	 4.88333E+02
 5.66623E+02	 4.90667E+02
 5.67045E+02	 4.87667E+02
 5.67467E+02	 4.89000E+02
 5.67889E+02	 4.86667E+02
 5.68311E+02	 4.87667E+02
 5.68733E+02	 4.84667E+02
 5.69155E+02	 4.88667E+02
 5.69577E+02	 4.89000E+02
 5.69999E+02	 4.85333E+02
 5.70421E+02	 4.86333E+02
 5.70842E+02	 4.88667E+02
 5.71264E+02	 4.86333E+02
 5.71686E+02	 4.90000E+02
 5.72107E+02	 4.83667E+02
 5.72529E+02	 4.84667E+02
 5.72950E+02	 4.84333E+02
 5.73371E+02	 4.86333E+02
 5.73793E+02	 4.85333E+02
 5.74214E+02	 4.88000E+02
 5.74635E+02	 4.84667E+02
 5.75056E+02	 4.82000E+02
 5.75477E+02	 4.87000E+02
 5.75899E+02	 4.84000E+02
 5.76320E+02	 4.85000E+02
 5.76741E+02	 4.86000E+02
 5.77161E+02	 4.87000E+02
 5.77582E+02	 4.85000E+02
 5.78003E+02	 4.85333E+02
 5.78424E+02	 4.85000E+02
 5.78845E+02	 4.86000E+02
 5.79265E+02	 4.84000E+02
 5.79686E+02	 4.86333E+02
 5.80106E+02	 4.85000E+02
 5.80527E+02	 4.86000E+02
 5.80947E+02	 4.85667E+02
 5.81368E+02	 4.85333E+02
 5.81788E+02	 4.88000E+02
 5.82208E+02	 4.89000E+02
 5.82629E+02	 4.86667E+02
 5.83049E+02	 4.89000E+02
 5.83469E+02	 4.85000E+02
 5.83889E+02	 4.85000E+02
 5.84309E+02	 4.84000E+02
 5.84729E+02	 4.84000E+02
 5.85149E+02	 4.83000E+02
 5.85569E+02	 4.82667E+02
 5.85989E+02	 4.84667E+02
 5.86408E+02	 4.85333E+02
 5.86828E+02	 4.85667E+02
 5.87248E+02	 4.85667E+02
 5.87667E+02	 4.82000E+02
 5.88087E+02	 4.86333E+02
 5.88507E+02	 4.86333E+02
 5.88926E+02	 4.88333E+02
 5.89345E+02	 4.86000E+02
 5.89765E+02	 4.87000E+02
 5.90184E+02	 4.87333E+02
 5.90603E+02	 4.87667E+02
 5.91023E+02	 4.88333E+02
 5.91442E+02	 4.88000E+02
 5.91861E+02	 4.83333E+02
 5.92280E+02	 4.87333E+02
 5.92699E+02	 4.85333E+02
 5.93118E+02	 4.88000E+02
 5.93537E+02	 4.88667E+02
 5.93956E+02	 4.90667E+02
 5.94375E+02	 4.91333E+02
 5.94793E+02	 4.85667E+02
 5.95212E+02	 4.89667E+02
 5.95631E+02	 4.90000E+02
 5.96049E+02	 4.86667E+02
 5.96468E+02	 4.90000E+02
 5.96886E+02	 4.87667E+02
 5.97305E+02	 4.87000E+02
 5.97723E+02	 4.87667E+02
 5.98142E+02	 4.86667E+02
 5.98560E+02	 4.86333E+02
 5.98978E+02	 4.88667E+02
 5.99396E+02	 4.87333E+02
 5.99814E+02	 4.86000E+02
 6.00232E+02	 4.87333E+02
 6.00651E+02	 4.83667E+02
 6.01069E+02	 4.86667E+02
 6.01486E+02	 4.86333E+02
 6.01904E+02	 4.85667E+02
 6.02322E+02	 4.83000E+02
 6.02740E+02	 4.84667E+02
 6.03158E+02	 4.84333E+02
 6.03575E+02	 4.84333E+02
 6.03993E+02	 4.84667E+02
 6.04411E+02	 4.84000E+02
 6.04828E+02	 4.85000E+02
 6.05246E+02	 4.83000E+02
 6.05663E+02	 4.83667E+02
 6.06080E+02	 4.84333E+02
 6.06498E+02	 4.84667E+02
 6.06915E+02	 4.83333E+02
 6.07332E+02	 4.84667E+02
 6.07749E+02	 4.83333E+02
 6.08167E+02	 4.85000E+02
 6.08584E+02	 4.84333E+02
 6.09001E+02	 4.82000E+02
 6.09418E+02	 4.84333E+02
 6.09835E+02	 4.81333E+02
 6.10251E+02	 4.83667E+02
 6.10668E+02	 4.86667E+02
 6.11085E+02	 4.84333E+02
 6.11502E+02	 4.84333E+02
 6.11918E+02	 4.85667E+02
 6.12335E+02	 4.85000E+02
 6.12752E+02	 4.82333E+02
 6.13168E+02	 4.82333E+02
 6.13585E+02	 4.84333E+02
 6.14001E+02	 4.84000E+02
 6.14417E+02	 4.82667E+02
 6.14834E+02	 4.85333E+02
 6.15250E+02	 4.83667E+02
 6.15666E+02	 4.84667E+02
 6.16082E+02	 4.85000E+02
 6.16498E+02	 4.83000E+02
 6.16914E+02	 4.82000E+02
 6.17330E+02	 4.86000E+02
 6.17746E+02	 4.84000E+02
 6.18162E+02	 4.83333E+02
 6.18578E+02	 4.86000E+02
 6.18994E+02	 4.84000E+02
 6.19410E+02	 4.82333E+02
 6.19825E+02	 4.81000E+02
 6.20241E+02	 4.85333E+02
 6.20657E+02	 4.83667E+02
 6.21072E+02	 4.85333E+02
 6.21488E+02	 4.83333E+02
 6.21903E+02	 4.85000E+02
 6.22319E+02	 4.86667E+02
 6.22734E+02	 4.84000E+02
 6.23149E+02	 4.82667E+02
 6.23564E+02	 4.82667E+02
 6.23980E+02	 4.87000E+02
 6.24395E+02	 4.84667E+02
 6.24810E+02	 4.85333E+02
 6.25225E+02	 4.86000E+02
 6.25640E+02	 4.83000E+02
 6.26055E+02	 4.83333E+02
 6.26470E+02	 4.89667E+02
 6.26885E+02	 4.85333E+02
 6.27299E+02	 4.88333E+02
 6.27714E+02	 4.85333E+02
 6.28129E+02	 4.89000E+02
 6.28544E+02	 4.87667E+02
 6.28958E+02	 4.88667E+02
 6.29373E+02	 4.84333E+02
 6.29787E+02	 4.88000E+02
 6.30202E+02	 4.84333E+02
 6.30616E+02	 4.84000E+02
 6.31030E+02	 4.87000E+02
 6.31445E+02	 4.87667E+02
 6.31859E+02	 4.83333E+02
 6.32273E+02	 4.89333E+02
 6.32687E+02	 4.86333E+02
 6.33101E+02	 4.86333E+02
 6.33515E+02	 4.87000E+02
 6.33929E+02	 4.84333E+02
 6.34343E+02	 4.87667E+02
 6.34757E+02	 4.85000E+02
 6.35171E+02	 4.88000E+02
 6.35585E+02	 4.84333E+02
 6.35998E+02	 4.85333E+02
 6.36412E+02	 4.86333E+02
 6.36826E+02	 4.86667E+02
 6.37239E+02	 4.82333E+02
 6.37653E+02	 4.82333E+02
 6.38066E+02	 4.83667E+02
 6.38480E+02	 4.84333E+02
 6.38893E+02	 4.82333E+02
 6.39307E+02	 4.84667E+02
 6.39720E+02	 4.88000E+02
 6.40133E+02	 4.83667E+02
 6.40546E+02	 4.84667E+02
 6.40959E+02	 4.84000E+02
 6.41373E+02	 4.79667E+02
 6.41786E+02	 4.84000E+02
 6.42199E+02	 4.84000E+02
 6.42611E+02	 4.87333E+02
 6.43024E+02	 4.83667E+02
 6.43437E+02	 4.83333E+02
 6.43850E+02	 4.85333E+02
 6.44263E+02	 4.83000E+02
 6.44675E+02	 4.84667E+02
 6.45088E+02	 4.83667E+02
 6.45501E+02	 4.82333E+02
 6.45913E+02	 4.82000E+02
 6.46326E+02	 4.81667E+02
 6.46738E+02	 4.82667E+02
 6.47150E+02	 4.80667E+02
 6.47563E+02	 4.83000E+02
 6.47975E+02	 4.81667E+02
 6.48387E+02	 4.82667E+02
 6.48799E+02	 4.84333E+02
 6.49212E+02	 4.83333E+02
 6.49624E+02	 4.82333E+02
 6.50036E+02	 4.83000E+02
 6.50448E+02	 4.83333E+02
 6.50860E+02	 4.84000E+02
 6.51272E+02	 4.82000E+02
 6.51683E+02	 4.81000E+02
 6.52095E+02	 4.82667E+02
 6.52507E+02	 4.81000E+02
 6.52919E+02	 4.83000E+02
 6.53330E+02	 4.84333E+02
 6.53742E+02	 4.81333E+02
 6.54153E+02	 4.81333E+02
 6.54565E+02	 4.82333E+02
 6.54976E+02	 4.79333E+02
 6.55388E+02	 4.81667E+02
 6.55799E+02	 4.82000E+02
 6.56210E+02	 4.82333E+02
 6.56622E+02	 4.81333E+02
 6.57033E+02	 4.82000E+02
 6.57444E+02	 4.82000E+02
 6.57855E+02	 4.84333E+02
 6.58266E+02	 4.81333E+02
 6.58677E+02	 4.79667E+02
 6.59088E+02	 4.79000E+02
 6.59499E+02	 4.82000E+02
 6.59910E+02	 4.79333E+02
 6.60320E+02	 4.82333E+02
 6.60731E+02	 4.81000E+02
 6.61142E+02	 4.80333E+02
 6.61552E+02	 4.81667E+02
 6.61963E+02	 4.81333E+02
 6.62374E+02	 4.79667E+02
 6.62784E+02	 4.82000E+02
 6.63195E+02	 4.78333E+02
 6.63605E+02	 4.78000E+02
 6.64015E+02	 4.82667E+02
 6.64426E+02	 4.80000E+02
 6.64836E+02	 4.80667E+02
 6.65246E+02	 4.82667E+02
 6.65656E+02	 4.81333E+02
 6.66066E+02	 4.83000E+02
 6.66476E+02	 4.80000E+02
 6.66886E+02	 4.84333E+02
 6.67296E+02	 4.82000E+02
 6.67706E+02	 4.84333E+02
 6.68116E+02	 4.82333E+02
 6.68526E+02	 4.82333E+02
 6.68935E+02	 4.81000E+02
 6.69345E+02	 4.82333E+02
 6.69755E+02	 4.80000E+02
 6.70164E+02	 4.81667E+02
 6.70574E+02	 4.81667E+02
 6.70983E+02	 4.81667E+02
 6.71393E+02	 4.81000E+02
 6.71802E+02	 4.82667E+02
 6.72212E+02	 4.81000E+02
 6.72621E+02	 4.84667E+02
 6.73030E+02	 4.83333E+02
 6.73439E+02	 4.78667E+02
 6.73849E+02	 4.80000E+02
 6.74258E+02	 4.79667E+02
 6.74667E+02	 4.83333E+02
 6.75076E+02	 4.79333E+02
 6.75485E+02	 4.83000E+02
 6.75894E+02	 4.80667E+02
 6.76302E+02	 4.81000E+02
 6.76711E+02	 4.82000E+02
 6.77120E+02	 4.80333E+02
 6.77529E+02	 4.82333E+02
 6.77937E+02	 4.79333E+02
 6.78346E+02	 4.79000E+02
 6.78755E+02	 4.83333E+02
 6.79163E+02	 4.80000E+02
 6.79572E+02	 4.81667E+02
 6.79980E+02	 4.82000E+02
 6.80388E+02	 4.82000E+02
 6.80797E+02	 4.81667E+02
 6.81205E+02	 4.82333E+02
 6.81613E+02	 4.83333E+02
 6.82021E+02	 4.79000E+02
 6.82429E+02	 4.82667E+02
 6.82837E+02	 4.80333E+02
 6.83245E+02	 4.78667E+02
 6.83653E+02	 4.83000E+02
 6.84061E+02	 4.80000E+02
 6.84469E+02	 4.81333E+02
 6.84877E+02	 4.81667E+02
 6.85285E+02	 4.83333E+02
 6.85693E+02	 4.84000E+02
 6.86100E+02	 4.81333E+02
 6.86508E+02	 4.84333E+02
 6.86915E+02	 4.83667E+02
 6.87323E+02	 4.80000E+02
 6.87730E+02	 4.81000E+02
 6.88138E+02	 4.84667E+02
 6.88545E+02	 4.81000E+02
 6.88953E+02	 4.84333E+02
 6.89360E+02	 4.82000E+02
 6.89767E+02	 4.83333E+02
 6.90174E+02	 4.82333E+02
 6.90581E+02	 4.82000E+02
 6.90988E+02	 4.83333E+02
 6.91395E+02	 4.83667E+02
 6.91802E+02	 4.84667E+02
 6.92209E+02	 4.83667E+02
 6.92616E+02	 4.86333E+02
 6.93023E+02	 4.84000E+02
 6.93430E+02	 4.84000E+02
 6.93837E+02	 4.86333E+02
 6.94243E+02	 4.84333E+02
 6.94650E+02	 4.87000E+02
 6.95057E+02	 4.87667E+02
 6.95463E+02	 4.84333E+02
 6.95870E+02	 4.84333E+02
 6.96276E+02	 4.86000E+02
 6.96682E+02	 4.87667E+02
 6.97089E+02	 4.86333E+02
 6.97495E+02	 4.85667E+02
 6.97901E+02	 4.82000E+02
 6.98308E+02	 4.83000E+02
 6.98714E+02	 4.85333E+02
 6.99120E+02	 4.83333E+02
 6.99526E+02	 4.83333E+02
 6.99932E+02	 4.84667E+02
 7.00338E+02	 4.82333E+02
 7.00744E+02	 4.85000E+02
 7.01150E+02	 4.81333E+02
 7.01555E+02	 4.83000E+02
 7.01961E+02	 4.81000E+02
 7.02367E+02	 4.82333E+02
 7.02773E+02	 4.82667E+02
 7.03178E+02	 4.81667E+02
 7.03584E+02	 4.83000E+02
 7.03989E+02	 4.82000E+02
 7.04395E+02	 4.82333E+02
 7.04800E+02	 4.83333E+02
 7.05206E+02	 4.83000E+02
 7.05611E+02	 4.83667E+02
 7.06016E+02	 4.82000E+02
 7.06421E+02	 4.82000E+02
 7.06827E+02	 4.79667E+02
 7.07232E+02	 4.80667E+02
 7.07637E+02	 4.81667E+02
 7.08042E+02	 4.82333E+02
 7.08447E+02	 4.82333E+02
 7.08852E+02	 4.80000E+02
 7.09257E+02	 4.81000E+02
 7.09661E+02	 4.78667E+02
 7.10066E+02	 4.83000E+02
 7.10471E+02	 4.81000E+02
 7.10876E+02	 4.82667E+02
 7.11280E+02	 4.81000E+02
 7.11685E+02	 4.79667E+02
 7.12089E+02	 4.81333E+02
 7.12494E+02	 4.81333E+02
 7.12898E+02	 4.81000E+02
 7.13303E+02	 4.79667E+02
 7.13707E+02	 4.84667E+02
 7.14111E+02	 4.81000E+02
 7.14516E+02	 4.82000E+02
 7.14920E+02	 4.81000E+02
 7.15324E+02	 4.81333E+02
 7.15728E+02	 4.84667E+02
 7.16132E+02	 4.79333E+02
 7.16536E+02	 4.83000E+02
 7.16940E+02	 4.81000E+02
 7.17344E+02	 4.79000E+02
 7.17748E+02	 4.80333E+02
 7.18152E+02	 4.79667E+02
 7.18555E+02	 4.79000E+02
 7.18959E+02	 4.80000E+02
 7.19363E+02	 4.83000E+02
 7.19766E+02	 4.79667E+02
 7.20170E+02	 4.80333E+02
 7.20574E+02	 4.82000E+02
 7.20977E+02	 4.82333E+02
 7.21380E+02	 4.80000E+02
 7.21784E+02	 4.81000E+02
 7.22187E+02	 4.82000E+02
 7.22590E+02	 4.80333E+02
 7.22994E+02	 4.79667E+02
 7.23397E+02	 4.81000E+02
 7.23800E+02	 4.78667E+02
 7.24203E+02	 4.79667E+02
 7.24606E+02	 4.84000E+02
 7.25009E+02	 4.81667E+02
 7.25412E+02	 4.82333E+02
 7.25815E+02	 4.80000E+02
 7.26218E+02	 4.80000E+02
 7.26621E+02	 4.80333E+02
 7.27023E+02	 4.81000E+02
 7.27426E+02	 4.82000E+02
 7.27829E+02	 4.79333E+02
 7.28231E+02	 4.82000E+02
 7.28634E+02	 4.82000E+02
 7.29036E+02	 4.81667E+02
 7.29439E+02	 4.80333E+02
 7.29841E+02	 4.82667E+02
 7.30244E+02	 4.80667E+02
 7.30646E+02	 4.80333E+02
 7.31048E+02	 4.81667E+02
 7.31450E+02	 4.80667E+02
 7.31853E+02	 4.80333E+02
 7.32255E+02	 4.81333E+02
 7.32657E+02	 4.82333E+02
 7.33059E+02	 4.81000E+02
 7.33461E+02	 4.80333E+02
 7.33863E+02	 4.80333E+02
 7.34265E+02	 4.80667E+02
 7.34666E+02	 4.82000E+02
 7.35068E+02	 4.81667E+02
 7.35470E+02	 4.79667E+02
 7.35872E+02	 4.79333E+02
 7.36273E+02	 4.80667E+02
 7.36675E+02	 4.80333E+02
 7.37076E+02	 4.82667E+02
 7.37478E+02	 4.81000E+02
 7.37879E+02	 4.81667E+02
 7.38281E+02	 4.78000E+02
 7.38682E+02	 4.80333E+02
 7.39083E+02	 4.81667E+02
 7.39485E+02	 4.82000E+02
 7.39886E+02	 4.83667E+02
 7.40287E+02	 4.82667E+02
 7.40688E+02	 4.78333E+02
 7.41089E+02	 4.80000E+02
 7.41490E+02	 4.81333E+02
 7.41891E+02	 4.80333E+02
 7.42292E+02	 4.80333E+02
 7.42693E+02	 4.83667E+02
 7.43094E+02	 4.80667E+02
 7.43495E+02	 4.80000E+02
 7.43895E+02	 4.81667E+02
 7.44296E+02	 4.83333E+02
 7.44697E+02	 4.83333E+02
 7.45097E+02	 4.80667E+02
 7.45498E+02	 4.82000E+02
 7.45898E+02	 4.82000E+02
 7.46299E+02	 4.82000E+02
 7.46699E+02	 4.82667E+02
 7.47099E+02	 4.81333E+02
 7.47500E+02	 4.81667E+02
 7.47900E+02	 4.81000E+02
 7.48300E+02	 4.81667E+02
 7.48700E+02	 4.82333E+02
 7.49100E+02	 4.82000E+02
 7.49500E+02	 4.81667E+02
 7.49900E+02	 4.81667E+02
 7.50300E+02	 4.81667E+02
 7.50700E+02	 4.81000E+02
 7.51100E+02	 4.82333E+02
 7.51500E+02	 4.84000E+02
 7.51900E+02	 4.83333E+02
 7.52300E+02	 4.80667E+02
 7.52699E+02	 4.80000E+02
 7.53099E+02	 4.81667E+02
 7.53498E+02	 4.79333E+02
 7.53898E+02	 4.80333E+02
 7.54297E+02	 4.81333E+02
 7.54697E+02	 4.82000E+02
 7.55096E+02	 4.77667E+02
 7.55496E+02	 4.81667E+02
 7.55895E+02	 4.81000E+02
 7.56294E+02	 4.84000E+02
 7.56693E+02	 4.82333E+02
 7.57092E+02	 4.82000E+02
 7.57492E+02	 4.85000E+02
 7.57891E+02	 4.79000E+02
 7.58290E+02	 4.79667E+02
 7.58689E+02	 4.83667E+02
 7.59087E+02	 4.82667E+02
 7.59486E+02	 4.80667E+02
 7.59885E+02	 4.84333E+02
 7.60284E+02	 4.81333E+02
 7.60683E+02	 4.82000E+02
 7.61081E+02	 4.78000E+02
 7.61480E+02	 4.81333E+02
 7.61879E+02	 4.83667E+02
 7.62277E+02	 4.83667E+02
 7.62676E+02	 4.83000E+02
 7.63074E+02	 4.83000E+02
 7.63472E+02	 4.82333E+02
 7.63871E+02	 4.80333E+02
 7.64269E+02	 4.83667E+02
 7.64667E+02	 4.81667E+02
 7.65065E+02	 4.80000E+02
 7.65464E+02	 4.81667E+02
 7.65862E+02	 4.83667E+02
 7.66260E+02	 4.83333E+02
 7.66658E+02	 4.80000E+02
 7.67056E+02	 4.80667E+02
 7.67454E+02	 4.81667E+02
 7.67851E+02	 4.86333E+02
 7.68249E+02	 4.84000E+02
 7.68647E+02	 4.82667E+02
 7.69045E+02	 4.82667E+02
 7.69442E+02	 4.85333E+02
 7.69840E+02	 4.79667E+02
 7.70238E+02	 4.82333E+02
 7.70635E+02	 4.83333E+02
 7.71033E+02	 4.82667E+02
 7.71430E+02	 4.82667E+02
 7.71827E+02	 4.82000E+02
 7.72225E+02	 4.85333E+02
 7.72622E+02	 4.84333E+02
 7.73019E+02	 4.84333E+02
 7.73417E+02	 4.84333E+02
 7.73814E+02	 4.81333E+02
 7.74211E+02	 4.82333E+02
 7.74608E+02	 4.82000E+02
 7.75005E+02	 4.82000E+02
 7.75402E+02	 4.84000E+02
 7.75799E+02	 4.83333E+02
 7.76196E+02	 4.83000E+02
 7.76592E+02	 4.82667E+02
 7.76989E+02	 4.82667E+02
 7.77386E+02	 4.80000E+02
 7.77783E+02	 4.84000E+02
 7.78179E+02	 4.83000E+02
 7.78576E+02	 4.82667E+02
 7.78972E+02	 4.82333E+02
 7.79369E+02	 4.81333E+02
 7.79765E+02	 4.83667E+02
 7.80162E+02	 4.83000E+02
 7.80558E+02	 4.83333E+02
 7.80954E+02	 4.83333E+02
 7.81351E+02	 4.84667E+02
 7.81747E+02	 4.83667E+02
 7.82143E+02	 4.82000E+02
 7.82539E+02	 4.84667E+02
 7.82935E+02	 4.80333E+02
 7.83331E+02	 4.84333E+02
 7.83727E+02	 4.83333E+02
 7.84123E+02	 4.81000E+02
 7.84519E+02	 4.83333E+02
 7.84915E+02	 4.82667E+02
 7.85310E+02	 4.86000E+02
 7.85706E+02	 4.86333E+02
 7.86102E+02	 4.85333E+02
 7.86498E+02	 4.84667E+02
 7.86893E+02	 4.81667E+02
 7.87289E+02	 4.84000E+02
 7.87684E+02	 4.83667E+02
 7.88080E+02	 4.82667E+02
 7.88475E+02	 4.85000E+02
 7.88870E+02	 4.85667E+02
 7.89266E+02	 4.83667E+02
 7.89661E+02	 4.85333E+02
 7.90056E+02	 4.83333E+02
 7.90451E+02	 4.87000E+02
 7.90846E+02	 4.87000E+02
 7.91241E+02	 4.85333E+02
 7.91637E+02	 4.87000E+02
 7.92031E+02	 4.86667E+02
 7.92426E+02	 4.87333E+02
 7.92821E+02	 4.90333E+02
 7.93216E+02	 4.87000E+02
 7.93611E+02	 4.85333E+02
 7.94006E+02	 4.89333E+02
 7.94400E+02	 4.89333E+02
 7.94795E+02	 4.90333E+02
 7.95190E+02	 4.93333E+02
 7.95584E+02	 4.90333E+02
 7.95979E+02	 4.89000E+02
 7.96373E+02	 4.87333E+02
 7.96768E+02	 4.83333E+02
 7.97162E+02	 4.89333E+02
 7.97556E+02	 4.85000E+02
 7.97951E+02	 4.86667E+02
 7.98345E+02	 4.90667E+02
 7.98739E+02	 4.87000E+02
 7.99133E+02	 4.88000E+02
 7.99527E+02	 4.90667E+02
 7.99921E+02	 4.87667E+02
 8.00315E+02	 4.89000E+02
 8.00709E+02	 4.88667E+02
 8.01103E+02	 4.84333E+02
 8.01497E+02	 4.87000E+02
 8.01891E+02	 4.88667E+02
 8.02284E+02	 4.89333E+02
 8.02678E+02	 4.89333E+02
 8.03072E+02	 4.92000E+02
 8.03465E+02	 4.92667E+02
 8.03859E+02	 4.93000E+02
 8.04253E+02	 4.92000E+02
 8.04646E+02	 4.92667E+02
 8.05039E+02	 4.94667E+02
 8.05433E+02	 4.99000E+02
 8.05826E+02	 4.96000E+02
 8.06219E+02	 4.98000E+02
 8.06613E+02	 4.97667E+02
 8.07006E+02	 5.03667E+02
 8.07399E+02	 5.01000E+02
 8.07792E+02	 5.04000E+02
 8.08185E+02	 4.99667E+02
 8.08578E+02	 4.98000E+02
 8.08971E+02	 5.00333E+02
 8.09364E+02	 4.97333E+02
 8.09757E+02	 4.98333E+02
 8.10150E+02	 4.96333E+02
